2.906638239146508928e-04,5.856659126575989877e-04,8.894046260574597776e-04,1.201991553923831193e-03,1.523519823824954090e-03,1.854061481840256660e-03,2.193664681957981956e-03,2.542350684882501918e-03,2.900110669991903117e-03,3.266902367698881239e-03,3.642646523553324210e-03,4.027223210111393475e-03,4.420468007900284907e-03,4.822168082731690363e-03,5.232058193142470268e-03,5.649816668826505676e-03,6.075061408496632877e-03,6.507345953576246927e-03,6.946155702324880409e-03,7.390904337267344484e-03,7.840930546893769282e-03,8.295495130253877081e-03,8.753778579963315473e-03,9.214879244910750139e-03,9.677812178203291579e-03,1.014150877818974228e-02,1.060481733031817808e-02,1.106650455468319652e-02,1.152525825799153095e-02,1.197969117896663903e-02,1.242834610264599050e-02,1.286970230142992118e-02,1.330218333908568182e-02,1.372416624832615423e-02,1.413399206338687708e-02,1.452997765673618921e-02,1.491042879439729088e-02,1.527365428826581335e-02,1.561798108738340039e-02,1.594177011464012472e-02,1.624343262219546391e-02,1.652144680944689706e-02,1.677437442303578163e-02,1.700087704046837275e-02,1.719973172858429988e-02,1.736984576622386048e-02,1.751027012762410018e-02,1.762021143955179101e-02,1.769904215081232607e-02,1.774630868701019062e-02,1.776173740534254392e-02,1.774523821248913738e-02,1.769690576172334648e-02,1.761701820138411242e-02,1.750603350384749915e-02,1.736458346010192472e-02,1.719346547799610950e-02,1.699363237037263344e-02,1.676618036103453072e-02,1.651233557053337353e-02,1.623343926918865282e-02,1.593093220101336749e-02,1.560633828919268801e-02,1.526124803169004798e-02,1.489730188504042978e-02,1.451617391633734135e-02,1.411955597897023018e-02,1.370914263813030783e-02,1.328661703887352302e-02,1.285363787402543818e-02,1.241182757280008542e-02,1.196276179494269211e-02,1.150796028060139219e-02,1.104887907390893556e-02,1.058690410913333373e-02,1.012334612275081307e-02,9.659436833219103499e-03,9.196326312712168119e-03,8.735081461584436047e-03,8.276685486692185456e-03,7.822038278633664660e-03,7.371957580120947970e-03,6.927180837658046889e-03,6.488367631038192279e-03,6.056102579450928919e-03,5.630898628782390371e-03,5.213200631602169302e-03,4.803389138996211165e-03,4.401784331508244198e-03,4.008650024718950731e-03,3.624197693195058221e-03,3.248590464496970386e-03,2.881947042502387181e-03,2.524345526381390186e-03,2.175827098075630919e-03,1.836399557049301495e-03,1.506040686374915828e-03,1.184701438894424303e-03,8.723089362728335926e-04,5.687692772656290779e-04
2.995237046181231243e-04,6.036749517143290972e-04,9.171557942932939082e-04,1.240106834823931923e-03,1.572650490862004995e-03,1.914888189030632733e-03,2.266897336327947186e-03,2.628728066930528275e-03,3.000399765744816028e-03,3.381897373663897595e-03,3.773167483866327228e-03,4.174114243591836408e-03,4.584595081679766586e-03,5.004416288777849102e-03,5.433328484518883637e-03,5.871022014092019264e-03,6.317122325442139051e-03,6.771185387715239999e-03,7.232693221384582649e-03,7.701049620546006683e-03,8.175576157910134992e-03,8.655508572734397360e-03,9.139993650959511023e-03,9.628086714716262845e-03,1.011874984466996572e-02,1.061085096285082317e-02,1.110316390513053225e-02,1.159436961079414637e-02,1.208305855118595173e-02,1.256773450969317189e-02,1.304681981097088016e-02,1.351866207802718788e-02,1.398154257146211853e-02,1.443368613586686749e-02,1.487327274445177094e-02,1.529845059494410776e-02,1.570735066850888553e-02,1.609810261998867453e-02,1.646885182346869217e-02,1.681777735359484688e-02,1.714311064190239542e-02,1.744315451042934006e-02,1.771630225386542148e-02,1.796105641809927003e-02,1.817604690875000706e-02,1.836004805929068381e-02,1.851199429549686692e-02,1.863099405154708052e-02,1.871634162303383725e-02,1.876752668277656064e-02,1.878424123552331626e-02,1.876638384579145183e-02,1.871406103724242501e-02,1.862758582983133071e-02,1.850747345004961561e-02,1.835443431736130324e-02,1.816936447395540305e-02,1.795333368292535703e-02,1.770757146996500622e-02,1.743345142405667431e-02,1.713247410229630507e-02,1.680624890232879087e-02,1.645647527273747315e-02,1.608492362751903076e-02,1.569341631629520353e-02,1.528380897835730778e-02,1.485797257748947865e-02,1.441777637744743289e-02,1.396507207675403914e-02,1.350167927788593208e-02,1.302937242165925005e-02,1.254986927421613066e-02,1.206482101279700118e-02,1.157580391854270800e-02,1.108431265072750554e-02,1.059175504763647593e-02,1.009944837507417530e-02,9.608616924301866327e-03,9.120390846928399728e-03,8.635806104644441761e-03,8.155805406289224832e-03,7.681240003087145760e-03,7.212872214452760618e-03,6.751378560982795526e-03,6.297353387585296648e-03,5.851312867618895137e-03,5.413699287951186448e-03,4.984885524568503749e-03,4.565179628411455623e-03,4.154829451162835897e-03,3.754027250526611233e-03,3.362914223913810070e-03,2.981584928248870794e-03,2.610091551728870203e-03,2.248448010747051799e-03,1.896633851802650116e-03,1.554597944058786017e-03,1.222261953297586363e-03,8.995235923905649331e-04,5.862596470977469131e-04
3.085236606728145796e-04,6.219791933072880800e-04,9.453889704913062643e-04,1.278925865472266103e-03,1.622745062337776524e-03,1.976981062702871592e-03,2.341744435145254235e-03,2.717118302337908752e-03,3.103154563965520446e-03,3.499869857361356459e-03,3.907241262436324941e-03,4.325201762957782761e-03,4.753635482627813560e-03,5.192372721749200989e-03,5.641184828570768896e-03,6.099778948662175869e-03,6.567792705835719114e-03,7.044788879119023850e-03,7.530250151944985725e-03,8.023574021860532812e-03,8.524067971392417647e-03,9.030945012901272356e-03,9.543319731882448503e-03,1.006020496373477568e-02,1.058050924794448622e-02,1.110303521028687540e-02,1.162647902735157272e-02,1.214943112774393222e-02,1.267037828000714197e-02,1.318770720799362743e-02,1.369970985952470230e-02,1.420459043328524754e-02,1.470047424176384142e-02,1.518541845466348135e-02,1.565742472785130318e-02,1.611445367818230973e-02,1.655444111535673071e-02,1.697531588963098470e-02,1.737501916030181545e-02,1.775152483630926606e-02,1.810286088916158304e-02,1.842713119190759335e-02,1.872253749832264100e-02,1.898740114598400711e-02,1.922018404741128103e-02,1.941950852650078593e-02,1.958417556418618269e-02,1.971318103814330078e-02,1.980572957633566777e-02,1.986124569252548100e-02,1.987938193216902058e-02,1.986002382740113120e-02,1.980329153761255581e-02,1.970953813457449605e-02,1.957934457506541742e-02,1.941351148632465551e-02,1.921304796729917178e-02,1.897915767871212467e-02,1.871322255500024873e-02,1.841678451918312212e-02,1.809152561637527787e-02,1.773924700220666853e-02,1.736184722880427730e-02,1.696130026375526623e-02,1.653963365772641650e-02,1.609890724572752771e-02,1.564119272730228258e-02,1.516855442436060644e-02,1.468303146418246941e-02,1.418662158155311812e-02,1.368126668013232988e-02,1.316884024089520419e-02,1.265113661640464987e-02,1.212986220505630867e-02,1.160662846020237525e-02,1.108294665580034435e-02,1.056022430321821963e-02,1.003976309305033149e-02,9.522758221013090732e-03,9.010298947766691435e-03,8.503370238280594587e-03,8.002855326473688052e-03,7.509539054616804973e-03,7.024111843681810595e-03,6.547174159777893396e-03,6.079241352398638901e-03,5.620748751842838918e-03,5.172056925369945997e-03,4.733457003986976490e-03,4.305176003893634515e-03,3.887382078266253278e-03,3.480189646036383529e-03,3.083664354474608370e-03,2.697827841634921342e-03,2.322662273004399112e-03,1.958114634027397372e-03,1.604100766552046461e-03,1.260509142719663713e-03,9.272043744405894777e-04,6.040304604388544449e-04
3.176478894395596587e-04,6.405473149529395879e-04,9.740579959902362101e-04,1.318388588192525050e-03,1.673730808419414103e-03,2.040256256634947075e-03,2.418112942623626329e-03,2.807421508553719150e-03,3.208271141522828131e-03,3.620715174147606102e-03,4.044766376090754012e-03,4.480391945245572154e-03,4.927508214204429082e-03,5.385975095691125474e-03,5.855590299885473152e-03,6.336083367028741767e-03,6.827109570349045378e-03,7.328243757114732797e-03,7.838974209379246869e-03,8.358696620518872925e-03,8.886708298699108957e-03,9.422202723558457255e-03,9.964264597194242429e-03,1.051186554439666188e-02,1.106386062932840711e-02,1.161898586572138008e-02,1.217585690431868470e-02,1.273296908384044870e-02,1.328869902929435791e-02,1.384130797311637802e-02,1.438894695963112251e-02,1.492966407103019956e-02,1.546141378306118558e-02,1.598206852076251849e-02,1.648943243907831716e-02,1.698125740064747313e-02,1.745526106452232121e-02,1.790914693651988326e-02,1.834062616626190231e-02,1.874744081002359050e-02,1.912738821489834429e-02,1.947834612130589643e-02,1.979829803039285033e-02,2.008535834316623261e-02,2.033779675176424981e-02,2.055406135217170693e-02,2.073279995341385101e-02,2.087287908158464919e-02,2.097340021796071513e-02,2.103371286805968271e-02,2.105342413113485411e-02,2.103240452480519690e-02,2.097078991419751640e-02,2.086897949552426329e-02,2.072762988652306765e-02,2.054764547662605093e-02,2.033016528420255112e-02,2.007654665313936965e-02,1.978834619330288938e-02,1.946729842663796547e-02,1.911529264113572338e-02,1.873434847780912696e-02,1.832659078114951337e-02,1.789422423209017718e-02,1.743950825577132019e-02,1.696473265646104844e-02,1.647219438134517669e-02,1.596417575632300134e-02,1.544292447330073911e-02,1.491063554256163819e-02,1.436943535821517265e-02,1.382136796178249326e-02,1.326838353056945807e-02,1.271232906508832326e-02,1.215494120444457309e-02,1.159784106090411965e-02,1.104253093499992650e-02,1.049039275038414834e-02,9.942688032759466887e-03,9.400559248995198763e-03,8.865032320166181881e-03,8.337020124876009380e-03,7.817326815939933116e-03,7.306652783419174436e-03,6.805600109278725149e-03,6.314678372820064535e-03,5.834310680844343247e-03,5.364839811655124774e-03,4.906534377038483490e-03,4.459594920885971529e-03,4.024159886867782580e-03,3.600311400316604654e-03,3.188080821115974947e-03,2.787454034829577564e-03,2.398376458538640024e-03,2.020757745891011044e-03,1.654476182755223058e-03,1.299382770684634784e-03,9.553050002138345270e-04,6.220503199234593290e-04
3.268780806537704021e-04,6.593429022601789407e-04,1.003108884967963445e-03,1.358424238340650821e-03,1.725521278159739208e-03,2.104613069709722773e-03,2.495889734626097201e-03,2.899514407584658036e-03,3.315618832113469919e-03,3.744298588719324663e-03,4.185607953461316887e-03,4.639554391197927945e-03,5.106092695097800942e-03,5.585118792743220054e-03,6.076463249353913215e-03,6.579884510371836193e-03,7.095061938888187411e-03,7.621588718120673490e-03,8.158964705251925756e-03,8.706589340225305215e-03,9.263754731270125095e-03,9.829639057590279158e-03,1.040330044827062275e-02,1.098367151437519736e-02,1.156955472763896917e-02,1.215961885317168832e-02,1.275239665416960308e-02,1.334628409265521329e-02,1.393954125058090125e-02,1.453029518909340449e-02,1.511654494929453967e-02,1.569616887453692544e-02,1.626693440149208289e-02,1.682651042458535931e-02,1.737248228599066330e-02,1.790236938179717852e-02,1.841364530533194654e-02,1.890376037266003686e-02,1.937016629527538517e-02,1.981034268375364907e-02,2.022182498690801994e-02,2.060223339730971395e-02,2.094930218956510617e-02,2.126090890605358136e-02,2.153510276919017030e-02,2.177013168242244653e-02,2.196446718610971238e-02,2.211682676027038746e-02,2.222619291400864880e-02,2.229182857025179681e-02,2.231328834218477067e-02,2.229042540140500211e-02,2.222339375343823295e-02,2.211264585930491217e-02,2.195892566735270154e-02,2.176325724248396112e-02,2.152692929526285950e-02,2.125147601665342695e-02,2.093865471144138249e-02,2.059042079170539385e-02,2.020890073899773293e-02,1.979636366920932422e-02,1.935519213754461482e-02,1.888785280374733963e-02,1.839686754172280975e-02,1.788478552574408742e-02,1.735415676077774541e-02,1.680750745069000893e-02,1.624731751884763223e-02,1.567600051443854975e-02,1.509588605793746145e-02,1.450920490332997977e-02,1.391807662525991647e-02,1.332449987787826320e-02,1.273034511997020272e-02,1.213734965848793992e-02,1.154711482999813341e-02,1.096110511642121171e-02,1.038064897712308483e-02,9.806941173003702952e-03,9.241046358643142250e-03,8.683903724669577578e-03,8.136332483150016115e-03,7.599038002863260644e-03,7.072618417768435431e-03,6.557571549915399561e-03,6.054302006666409733e-03,5.563128330754677636e-03,5.084290099869159807e-03,4.617954889723605190e-03,4.164225030651037829e-03,3.723144102470062229e-03,3.294703125587594966e-03,2.878846417993305776e-03,2.475477097977869974e-03,2.084462221125223634e-03,1.705637547473399379e-03,1.338811940814399340e-03,9.837714070280846688e-04,6.402827822409057779e-04
3.361932092044723607e-04,6.783240194795129522e-04,1.032479141464763290e-03,1.398950373984922391e-03,1.778015005608592344e-03,2.169932290030635209e-03,2.574939540478935959e-03,2.993247823782349722e-03,3.425037237503018254e-03,3.870451757307236899e-03,4.329593646679781409e-03,4.802517427336647909e-03,5.289223416419025145e-03,5.789650845907442535e-03,6.303670590812553327e-03,6.831077545682272441e-03,7.371582703876074401e-03,7.924805010899954594e-03,8.490263081797360181e-03,9.067366892984178237e-03,9.655409580715581738e-03,1.025355950115931433e-02,1.086085273025051527e-02,1.147618620437660872e-02,1.209831172457124550e-02,1.272583106619427397e-02,1.335719245179024621e-02,1.399068865556848430e-02,1.462445701226229230e-02,1.525648159950747894e-02,1.588459784989110571e-02,1.650649982517553294e-02,1.711975034988265365e-02,1.772179415379903852e-02,1.830997411291159990e-02,1.888155060629960122e-02,1.943372392378947544e-02,1.996365956767706326e-02,2.046851619425188798e-02,2.094547584064768500e-02,2.139177598372367373e-02,2.180474288471767608e-02,2.218182559098135637e-02,2.252062989882967076e-02,2.281895153368444090e-02,2.307480777889731743e-02,2.328646678561655317e-02,2.345247382438567230e-02,2.357167379509070293e-02,2.364322939427172116e-02,2.366663444516054274e-02,2.364172202228481331e-02,2.356866714416867847e-02,2.344798395879432729e-02,2.328051750077050550e-02,2.306743025011140716e-02,2.281018386387840755e-02,2.251051657793528768e-02,2.217041688182752601e-02,2.179209415154294283e-02,2.137794698016266121e-02,2.093052997407415794e-02,2.045251978278828792e-02,1.994668110507945638e-02,1.941583336588908679e-02,1.886281869084040219e-02,1.829047172258304113e-02,1.770159173013463594e-02,1.709891736357813455e-02,1.648510430635863333e-02,1.586270598001529933e-02,1.523415736489140519e-02,1.460176191788520837e-02,1.396768149657308736e-02,1.333392913923738508e-02,1.270236450294780738e-02,1.207469172674619472e-02,1.145245946353460990e-02,1.083706281144536029e-02,1.022974687199306072e-02,9.631611666733812249e-03,9.043618154990853281e-03,8.466595110981255806e-03,7.901246638014912393e-03,7.348160119088373125e-03,6.807814426075769858e-03,6.280588232914337266e-03,5.766768300954730996e-03,5.266557626425608270e-03,4.780083360330006359e-03,4.307404429765588488e-03,3.848518806475042554e-03,3.403370383315532273e-03,2.971855432291551323e-03,2.553828628886620038e-03,2.149108636760705196e-03,1.757483254585410701e-03,1.378714133018445285e-03,1.012541074731166182e-03,6.586859341576646338e-04
3.455693239747292030e-04,6.974427706476096864e-04,1.062097058179189892e-03,1.439871874541899955e-03,1.831094167365977972e-03,2.236074467502073299e-03,2.655102783988749250e-03,3.088444044422440637e-03,3.536333057104797031e-03,3.998968974815653860e-03,4.476509244821133028e-03,4.969063035978343694e-03,5.476684141748983103e-03,5.999363367790027345e-03,6.537020424744644127e-03,7.089495361079606664e-03,7.656539587434964787e-03,8.237806563035668730e-03,8.832842236248880305e-03,9.441075355233270044e-03,1.006180779056179211e-02,1.069420503928959071e-02,1.133728710857806465e-02,1.198992000585780496e-02,1.265080809057277100e-02,1.331848756851808022e-02,1.399132143216010385e-02,1.466749616740665139e-02,1.534502055722005570e-02,1.602172691329979345e-02,1.669527505688329569e-02,1.736315934674349110e-02,1.802271901520329650e-02,1.867115202038828817e-02,1.930553255455454142e-02,1.992283226447659136e-02,2.051994514177136325e-02,2.109371593085818120e-02,2.164097178321377352e-02,2.215855676284152892e-02,2.264336868444506018e-02,2.309239764831949940e-02,2.350276553043973565e-02,2.387176559862358785e-02,2.419690136158550789e-02,2.447592372199937361e-02,2.470686550103463885e-02,2.488807243243310041e-02,2.501822978957768742e-02,2.509638390788349396e-02,2.512195799411746228e-02,2.509476176914334639e-02,2.501499466486218487e-02,2.488324248243717687e-02,2.470046760922491383e-02,2.446799307792143705e-02,2.418748092525860316e-02,2.386090546184922723e-02,2.349052219329369334e-02,2.307883323069669784e-02,2.262855009325952585e-02,2.214255483537799427e-02,2.162386042625990754e-02,2.107557127372973113e-02,2.050084471931448368e-02,1.990285424374245785e-02,1.928475501624183491e-02,1.864965230348043790e-02,1.800057313061405664e-02,1.734044146332837377e-02,1.667205706095322218e-02,1.599807804083967777e-02,1.532100709639789768e-02,1.464318122766707433e-02,1.396676477522172666e-02,1.329374549591580586e-02,1.262593338197377096e-02,1.196496190219819775e-02,1.131229133407810929e-02,1.066921385657062377e-02,1.003686008337225169e-02,9.416206733660982542e-03,8.808085159723639049e-03,8.213190476885193214e-03,7.632091069228626873e-03,7.065238273461615925e-03,6.512976071909505442e-03,5.975550653179137993e-03,5.453119724942234042e-03,4.945761487114874386e-03,4.453483195207294174e-03,3.976229262665557235e-03,3.513888867610544774e-03,3.066303043568912624e-03,2.633271245714051498e-03,2.214557393961982205e-03,1.809895402191769205e-03,1.418994209088646815e-03,1.041542330848676916e-03,6.772119594391002619e-04
3.549793351339464772e-04,7.166448560934203342e-04,1.091881004112563863e-03,1.481079917605964899e-03,1.884623202726399020e-03,2.302878127560648198e-03,2.736193337361240551e-03,3.184894057085098547e-03,3.649276749311370239e-03,4.129603198587348742e-03,4.626093997636578775e-03,5.138921416909443020e-03,5.668201646930189422e-03,6.213986413068871111e-03,6.776253975011361022e-03,7.354899538566994632e-03,7.949725125756614691e-03,8.560428970520268452e-03,9.186594531944008990e-03,9.827679244582313359e-03,1.048300315604748512e-02,1.115173763516133856e-02,1.183289436900181700e-02,1.252531490324970166e-02,1.322766101617924364e-02,1.393840625096294354e-02,1.465582896188548714e-02,1.537800725550445870e-02,1.610281622543162025e-02,1.682792788674985010e-02,1.755081421059007454e-02,1.826875363863460222e-02,1.897884141913987188e-02,1.967800404883063986e-02,2.036301802777567768e-02,2.103053303711619609e-02,2.167709953341518184e-02,2.229920062083255369e-02,2.289328791704928895e-02,2.345582097591509749e-02,2.398330967540109049e-02,2.447235883073937274e-02,2.491971415731609324e-02,2.532230859374117599e-02,2.567730790992130835e-02,2.598215447434184047e-02,2.623460804410095853e-02,2.643278247364275885e-02,2.657517731452146287e-02,2.666070339745375828e-02,2.668870164556928076e-02,2.665895455812905199e-02,2.657169001912996348e-02,2.642757731577814392e-02,2.622771548751577295e-02,2.597361435654386291e-02,2.566716880534273756e-02,2.531062705622728198e-02,2.490655386463058035e-02,2.445778965563939755e-02,2.396740670857369290e-02,2.343866352573847553e-02,2.287495850985817036e-02,2.227978402328506524e-02,2.165668181586663174e-02,2.100920069380353417e-02,2.034085716630196217e-02,1.965509965809227044e-02,1.895527672161542720e-02,1.824460952997591229e-02,1.752616878681292553e-02,1.680285605706927782e-02,1.607738940695106755e-02,1.535229314454913604e-02,1.462989137574818681e-02,1.391230503317030832e-02,1.320145199804374780e-02,1.249904991439804679e-02,1.180662128971350297e-02,1.112550048366304015e-02,1.045684220434456649e-02,9.801631156928381633e-03,9.160692520618695517e-03,8.534702964176202333e-03,7.924201946186319040e-03,7.329603082312042238e-03,6.751205396776961687e-03,6.189204308408758834e-03,5.643702232123997548e-03,5.114718704365266502e-03,4.602199965514746673e-03,4.106027953658718775e-03,3.626028682337040926e-03,3.161979990237323655e-03,2.713618663401025193e-03,2.280646940649666988e-03,1.862738420883277082e-03,1.459543396923186371e-03,1.070693644933805961e-03,6.958067014151303898e-04
3.643928028103733587e-04,7.358691301813937661e-04,1.121738709886448398e-03,1.522450945664477560e-03,1.938447410786789827e-03,2.370157942790336158e-03,2.817996206632893651e-03,3.282354683648473249e-03,3.763599044680918972e-03,4.262061868008075287e-03,4.778035666416567684e-03,5.311765193356299264e-03,5.863439005828070469e-03,6.433180271889991572e-03,7.021036823769486249e-03,7.626970473891746434e-03,8.250845631009732020e-03,8.892417277319290478e-03,9.551318395154691568e-03,1.022704696365000533e-02,1.091895268151695138e-02,1.162622361150936548e-02,1.234787298462779181e-02,1.308272644675364908e-02,1.382941007591221259e-02,1.458633954306600214e-02,1.535171083113303497e-02,1.612349296329391307e-02,1.689942321971380987e-02,1.767700533839058202e-02,1.845351119762574793e-02,1.922598646130800268e-02,1.999126063076885410e-02,2.074596188592304005e-02,2.148653701208565192e-02,2.220927659674881358e-02,2.291034554361073838e-02,2.358581879183094948e-02,2.423172195116120656e-02,2.484407637437068342e-02,2.541894799497133872e-02,2.595249906969834819e-02,2.644104179140755254e-02,2.688109258917240757e-02,2.726942581812594538e-02,2.760312547058555582e-02,2.787963351897915221e-02,2.809679353440412350e-02,2.825288831378861693e-02,2.834667039199193980e-02,2.837738450807288093e-02,2.834478132976221351e-02,2.824912200679492724e-02,2.809117341017647318e-02,2.787219420747114040e-02,2.759391221021096838e-02,2.725849369536058678e-02,2.686850563648983739e-02,2.642687197188661047e-02,2.593682517877929014e-02,2.540185451053105989e-02,2.482565228561754017e-02,2.421205959497875135e-02,2.356501272234886105e-02,2.288849145720683181e-02,2.218647033065588789e-02,2.146287363054847838e-02,2.072153486365444289e-02,1.996616113948133930e-02,1.920030276149543857e-02,1.842732813463860211e-02,1.765040393924428852e-02,1.687248038501077893e-02,1.609628124711140126e-02,1.532429830069369399e-02,1.455878970941117644e-02,1.380178188657634787e-02,1.305507433152421418e-02,1.232024694580261502e-02,1.159866935057025407e-02,1.089151175476937156e-02,1.019975696008556393e-02,9.524213130536572994e-03,8.865526999238764957e-03,8.224197230390145261e-03,7.600587699107137427e-03,6.994940494186177062e-03,6.407388488223669798e-03,5.837967355232494791e-03,5.286626947622009506e-03,4.753241972060459966e-03,4.237621927380389071e-03,3.739520287509102980e-03,3.258642928682271671e-03,2.794655813256683406e-03,2.347191952632255840e-03,1.915857679484343551e-03,1.500238265047594641e-03,1.099902920915672754e-03,7.144092270348100567e-04
3.737757306659381996e-04,7.550471673972063494e-04,1.151566561509545592e-03,1.563845637152610959e-03,1.992391542549265104e-03,2.437702883791712481e-03,2.900265172913533713e-03,3.380545637496501759e-03,3.878987339001565074e-03,4.396002548208313362e-03,4.931965328933094264e-03,5.487203285942049945e-03,6.061988440091597638e-03,6.656527203660028702e-03,7.270949442049641324e-03,7.905296625018938539e-03,8.559509091816913315e-03,9.233412480463722496e-03,9.926703402303562254e-03,1.063893447907095224e-02,1.136949890110590562e-02,1.211761471182774136e-02,1.288230907461934173e-02,1.366240283298519528e-02,1.445649573187307926e-02,1.526295272551940994e-02,1.607989185266220020e-02,1.690517421046241683e-02,1.773639660044187133e-02,1.857088744918194631e-02,1.940570661911890371e-02,2.023764971610939045e-02,2.106325746631049212e-02,2.187883067165864032e-02,2.268045115813024232e-02,2.346400900269024828e-02,2.422523616383156012e-02,2.495974644944835147e-02,2.566308153938652234e-02,2.633076254569515634e-02,2.695834635094459045e-02,2.754148572544969087e-02,2.807599200060942324e-02,2.855789888112830743e-02,2.898352582650042669e-02,2.934953933331262144e-02,2.965301041384408795e-02,2.989146659916157994e-02,3.006293689876077951e-02,3.016598832205134861e-02,3.019975280379560284e-02,3.016394366633070451e-02,3.005886108308841384e-02,2.988538636512193605e-02,2.964496525803806543e-02,2.933958079338046948e-02,2.897171656914751883e-02,2.854431162339417585e-02,2.806070829994284505e-02,2.752459467659536599e-02,2.693994322821031615e-02,2.631094742798302522e-02,2.564195795267392233e-02,2.493742005750564095e-02,2.420181353321421494e-02,2.343959646280212999e-02,2.265515377175777306e-02,2.185275132611618626e-02,2.103649609045096444e-02,2.021030262411326051e-02,1.937786597828857274e-02,1.854264086598774938e-02,1.770782681679311521e-02,1.687635890057534796e-02,1.605090350990290640e-02,1.523385862813223142e-02,1.442735797647514036e-02,1.363327842502488896e-02,1.285325006557520508e-02,1.208866837368659068e-02,1.134070792953779591e-02,1.061033721765716233e-02,9.898334081127183048e-03,9.205301463305722715e-03,8.531683127088324214e-03,7.877779096384662089e-03,7.243760615450648907e-03,6.629684468112993952e-03,6.035506540237081143e-03,5.461094544826192512e-03,4.906239859947265046e-03,4.370668455481865194e-03,3.854050905850976618e-03,3.356011502786363215e-03,2.876136495387759083e-03,2.413981494593428652e-03,1.969078086271105685e-03,1.540939701851224775e-03,1.129066798184008222e-03,7.329513994752208297e-04
3.830903685429284814e-04,7.741028452276481082e-04,1.181248915521915200e-03,1.605107899370833814e-03,2.046258410151157846e-03,2.505274375922580867e-03,2.982720420237289748e-03,3.479146538386728230e-03,3.995082003514177291e-03,4.531028436823443181e-03,5.087451977543468694e-03,5.664774491800630626e-03,6.263363765598286247e-03,6.883522636255870464e-03,7.525477029514083052e-03,8.189362886698640237e-03,8.875211988494479884e-03,9.582936709637519118e-03,1.031231377274270840e-02,1.106296710999978526e-02,1.183434998884274128e-02,1.262572661193269927e-02,1.343615346252811406e-02,1.426446073273723511e-02,1.510923424288524927e-02,1.596879833325903775e-02,1.684120028206320327e-02,1.772419687200306113e-02,1.861524378820273232e-02,1.951148857716649559e-02,2.040976792464870015e-02,2.130661001376423294e-02,2.219824269765946836e-02,2.308060815829758583e-02,2.394938462016744582e-02,2.480001554241243952e-02,2.562774652462226563e-02,2.642766993269421785e-02,2.719477698721183348e-02,2.792401676642784769e-02,2.861036127103499388e-02,2.924887539302727102e-02,2.983479034261236548e-02,3.036357883276509864e-02,3.083103011772088051e-02,3.123332284494933359e-02,3.156709362242358929e-02,3.182949923274073362e-02,3.201827054637845782e-02,3.213175639624983593e-02,3.216895596748215597e-02,3.212953861767844227e-02,3.201385045717258793e-02,3.182290746601142140e-02,3.155837538258716990e-02,3.122253704532563720e-02,3.081824828167663982e-02,3.034888379803453787e-02,2.981827481366399260e-02,2.923064038909780130e-02,2.859051451774720018e-02,2.790267107695412752e-02,2.717204867508441271e-02,2.640367729303403840e-02,2.560260841424349953e-02,2.477385008243786213e-02,2.392230803790051236e-02,2.305273377851130637e-02,2.216968008746719732e-02,2.127746428003118515e-02,2.038013915859768904e-02,1.948147143746395415e-02,1.858492721135683590e-02,1.769366389729429279e-02,1.681052797735836657e-02,1.593805780781486214e-02,1.507849073350497199e-02,1.423377375028371701e-02,1.340557698671092368e-02,1.259530932337823636e-02,1.180413552864543678e-02,1.103299435817351945e-02,1.028261713819482448e-02,9.553546425436324624e-03,8.846154407269605363e-03,8.160660771986516515e-03,7.497149839730142019e-03,6.855586798738718714e-03,6.235832938831555212e-03,5.637659814480731717e-03,5.060762303633541820e-03,4.504770556123859591e-03,3.969260847597013905e-03,3.453765371994707740e-03,2.957781018445444863e-03,2.480777187511393114e-03,2.022202707750661750e-03,1.581491917012748261e-03,1.158069974287215427e-03,7.513574677052544315e-04
3.922950290463573034e-04,7.929519537368157241e-04,1.210657450780283292e-03,1.646063904148483423e-03,2.099827539886967021e-03,2.572604494382184966e-03,3.065046188146356657e-03,3.577793928362733161e-03,4.111472660245744926e-03,4.666683785265592598e-03,5.243996963888986756e-03,5.843940822198456612e-03,6.466992486154434817e-03,7.113565875021325875e-03,7.783998697332012752e-03,8.478538109521146365e-03,9.197325019867646709e-03,9.940377049515836116e-03,1.070757019892486055e-02,1.149861931286560307e-02,1.231305749060707631e-02,1.315021465050094165e-02,1.400919552968355256e-02,1.488885747944613917e-02,1.578778850368562151e-02,1.670428607964172946e-02,1.763633739381283497e-02,1.858160171745052922e-02,1.953739573021234799e-02,2.050068267121788260e-02,2.146806624683172612e-02,2.243579024630326657e-02,2.339974480206042165e-02,2.435548017350542757e-02,2.529822882521931549e-02,2.622293640807268206e-02,2.712430203312030802e-02,2.799682795508060679e-02,2.883487846052189274e-02,2.963274739587051440e-02,3.038473338666237977e-02,3.108522141059113023e-02,3.172876901428767910e-02,3.231019513036168661e-02,3.282466917986467253e-02,3.326779795683418306e-02,3.363570770300856883e-02,3.392511880388326961e-02,3.413341067723742878e-02,3.425867468018860967e-02,3.429975322163338058e-02,3.425626371780524093e-02,3.412860654811993022e-02,3.391795673063984634e-02,3.362623961284746249e-02,3.325609143456992323e-02,3.281080613741774177e-02,3.229427024333478280e-02,3.171088798254483726e-02,3.106549910280296742e-02,3.036329192859133982e-02,2.960971425907436838e-02,2.881038460265491000e-02,2.797100605568849513e-02,2.709728486041927675e-02,2.619485534331754753e-02,2.526921256247267183e-02,2.432565360438639773e-02,2.336922808772234905e-02,2.240469807268508085e-02,2.143650725425276862e-02,2.046875904564850190e-02,1.950520294098461241e-02,1.854922838465422955e-02,1.760386526799887635e-02,1.667179011656189785e-02,1.575533701746893375e-02,1.485651235869294567e-02,1.397701250231199455e-02,1.311824358469014691e-02,1.228134272075325807e-02,1.146719998102797670e-02,1.067648060373430074e-02,9.909646995913366785e-03,9.166980164309133927e-03,8.448600296417092814e-03,7.754486283483610388e-03,7.084494039668987053e-03,6.438373524980043651e-03,5.815784424227751943e-03,5.216310470737389217e-03,4.639472432571760049e-03,4.084739801454411075e-03,3.551541241263769452e-03,3.039273864761352691e-03,2.547311414923187408e-03,2.075011431603230021e-03,1.621721485933921153e-03,1.186784564443633949e-03,7.695436828440195293e-04
4.013439236579378639e-04,8.115018432775027938e-04,1.239650574643037274e-03,1.686521190759177839e-03,2.152853900620031388e-03,2.639394236549433021e-03,3.146888495275204124e-03,3.676078342141822410e-03,4.227694482539286897e-03,4.802449300340320623e-03,5.401028360360920350e-03,6.024080671156976582e-03,6.672207606516033888e-03,7.345950389585200434e-03,8.045776053594525662e-03,8.772061808597887700e-03,9.525077765659296231e-03,1.030496799962115663e-02,1.111172997017602880e-02,1.194519236954469030e-02,1.280499152461580907e-02,1.369054655263688552e-02,1.460103355276273426e-02,1.553535921068309976e-02,1.649213429910328238e-02,1.746964767099498314e-02,1.846584146203825161e-02,1.947828833895176234e-02,2.050417174539930637e-02,2.154027019931796516e-02,2.258294677591829447e-02,2.362814495925754169e-02,2.467139205159503065e-02,2.570781128324502521e-02,2.673214365694030759e-02,2.773878038254809844e-02,2.872180650639671179e-02,2.967505601499198509e-02,3.059217830144779493e-02,3.146671543644475461e-02,3.229218920196746945e-02,3.306219634899675713e-02,3.377051005762427699e-02,3.441118514008967288e-02,3.497866416458739885e-02,3.546788141856623694e-02,3.587436149799432678e-02,3.619430931997193873e-02,3.642468851776327343e-02,3.656328548787447785e-02,3.660875680672328464e-02,3.656065829933804329e-02,3.641945469647887151e-02,3.618650952600847848e-02,3.586405561218289351e-02,3.545514726457939941e-02,3.496359588970506665e-02,3.439389131962267837e-02,3.375111159563819879e-02,3.304082425122292083e-02,3.226898229577292165e-02,3.144181810795376730e-02,3.056573831209996941e-02,2.964722244986229757e-02,2.869272789540263865e-02,2.770860302409006853e-02,2.670101016230659249e-02,2.567585934984346549e-02,2.463875346415749651e-02,2.359494481083142595e-02,2.254930289479255973e-02,2.150629276398481962e-02,2.046996306709140956e-02,1.944394279002479783e-02,1.843144552826600502e-02,1.743528010647815707e-02,1.645786636374442849e-02,1.550125497185033709e-02,1.456715023468546817e-02,1.365693491910936405e-02,1.277169628262164042e-02,1.191225258337800554e-02,1.107917947746797638e-02,1.027283582234947944e-02,9.493388510705726147e-03,8.740836053717565210e-03,8.015030715777120979e-03,7.315699073728832227e-03,6.642460933116344814e-03,5.994846582350963314e-03,5.372312404175280665e-03,4.774254893394023168e-03,4.200023151755892352e-03,3.648929946253657436e-03,3.120261427062232407e-03,2.613285606862567490e-03,2.127259705302047502e-03,1.661436461605258217e-03,1.215069515544919300e-03,7.874179526765502776e-04
4.101870247336140366e-04,8.296511233724756899e-04,1.268072903927955353e-03,1.726267864428453810e-03,2.205066744460007413e-03,2.705311917450508100e-03,3.227852989112571166e-03,3.773541496529314240e-03,4.343224594461830151e-03,4.937737608358223375e-03,5.557895327753612641e-03,6.204481909892887136e-03,6.878239262245240682e-03,7.579853775024122248e-03,8.309941281949674921e-03,9.069030140524850930e-03,9.857542343424062145e-03,1.067577260172406298e-02,1.152386538023281691e-02,1.240178991669835251e-02,1.330931332172239322e-02,1.424597193605344966e-02,1.521104121747743690e-02,1.620350454102388593e-02,1.722202142304364234e-02,1.826489582010317608e-02,1.933004530432865659e-02,2.041497207282035736e-02,2.151673690307395054e-02,2.263193730992789018e-02,2.375669128129782870e-02,2.488662805697595265e-02,2.601688745295588009e-02,2.714212920862494466e-02,2.825655373211061194e-02,2.935393542874697309e-02,3.042766951166953407e-02,3.147083281021299805e-02,3.247625861644912876e-02,3.343662505637437499e-02,3.434455586194219701e-02,3.519273178328306828e-02,3.597401025344945658e-02,3.668155034123058572e-02,3.730893954217050917e-02,3.785031860227986572e-02,3.830050037510796673e-02,3.865507870346694685e-02,3.891052350313447400e-02,3.906425860543551176e-02,3.911471947400051857e-02,3.906138862170868004e-02,3.890480738045364734e-02,3.864656357514885399e-02,3.828925557605670354e-02,3.783643410037981075e-02,3.729252395704556189e-02,3.666272863437743113e-02,3.595292118300155715e-02,3.516952521994361203e-02,3.431939006025383487e-02,3.340966396823525503e-02,3.244766932271847537e-02,3.144078313261763208e-02,3.039632585228463010e-02,2.932146086923270029e-02,2.822310641060073177e-02,2.710786097940114797e-02,2.598194282326584531e-02,2.485114338678917276e-02,2.372079422546466074e-02,2.259574647798306968e-02,2.148036170956859475e-02,2.037851275027834780e-02,1.929359305138409614e-02,1.822853305877154134e-02,1.718582214112337331e-02,1.616753469806941554e-02,1.517535919542480245e-02,1.421062901825584715e-02,1.327435418674691517e-02,1.236725313566448825e-02,1.148978390868619047e-02,1.064217425900778995e-02,9.824450274225956375e-03,9.036463254745776344e-03,8.277914670270331357e-03,7.548379098563720579e-03,6.847325115528479604e-03,6.174134156994874958e-03,5.528117411999421485e-03,4.908530836336699905e-03,4.314588395392529759e-03,3.745473658215350311e-03,3.200349871836862155e-03,2.678368647242291428e-03,2.178677387184504467e-03,1.700425582145185122e-03,1.242770094930747754e-03,8.048795472734449757e-04
4.187699604977976049e-04,8.472894274175911053e-04,1.295754843693666886e-03,1.765071922747774892e-03,2.256168602118160255e-03,2.769991741626058601e-03,3.307502986696506109e-03,3.869673675517355717e-03,4.457478657764480864e-03,5.071888882124236594e-03,5.713862600327817079e-03,6.384335027545059646e-03,7.084206293607359789e-03,7.814327517673871903e-03,8.575484841867722641e-03,9.368381268560901226e-03,1.019361616307712555e-02,1.105166231052522735e-02,1.194284045436413109e-02,1.286729129733912673e-02,1.382494501483002777e-02,1.481548841848079334e-02,1.583833001594816409e-02,1.689256334179951857e-02,1.797692908513527990e-02,1.908977671019168251e-02,2.022902645400684665e-02,2.139213278501614010e-02,2.257605061039730590e-02,2.377720571745244385e-02,2.499147111166673610e-02,2.621415105492095124e-02,2.743997469304645942e-02,2.866310117269733546e-02,2.987713806388804863e-02,3.107517470929907141e-02,3.224983180196706184e-02,3.339332804366756252e-02,3.449756416089717892e-02,3.555422386865450535e-02,3.655489060085942432e-02,3.749117800832746372e-02,3.835487140837754577e-02,3.913807660831810503e-02,3.983337187398524465e-02,4.043395832671113632e-02,4.093380377176642632e-02,4.132777491990344276e-02,4.161175317670771923e-02,4.178272964020665614e-02,4.183887564646591312e-02,4.177958610094547470e-02,4.160549388248398206e-02,4.131845474974586707e-02,4.092150335392009258e-02,4.041878210172700908e-02,3.981544565681043729e-02,3.911754475876723369e-02,3.833189373045561149e-02,3.746592650186601758e-02,3.652754618438188577e-02,3.552497318148171990e-02,3.446659653682856289e-02,3.336083272989515125e-02,3.221599547693917293e-02,3.104017933358639916e-02,2.984115907994807845e-02,2.862630605364993586e-02,2.740252182766829414e-02,2.617618894621918241e-02,2.495313785952164853e-02,2.373862875165409780e-02,2.253734663855532644e-02,2.135340791985158512e-02,2.019037648599225979e-02,1.905128749397099960e-02,1.793867701126184572e-02,1.685461586877295623e-02,1.580074624106887413e-02,1.477831966949567401e-02,1.378823544758988467e-02,1.283107848764798893e-02,1.190715597483096508e-02,1.101653228551409056e-02,1.015906179679810020e-02,9.334419342969748137e-03,8.542128182374462281e-03,7.781585425731121948e-03,7.052084946091420614e-03,6.352837843489311451e-03,5.682990576049731964e-03,5.041640896132528436e-03,4.427851747066737474e-03,3.840663285092878361e-03,3.279103193972876615e-03,2.742195457817042745e-03,2.228967752258223696e-03,1.738457606205630508e-03,1.269717476872679867e-03,8.218188702616723885e-04
4.270339508899540729e-04,8.642972594488450939e-04,1.322512289562947051e-03,1.802680746322054802e-03,2.305834481022370035e-03,2.833032612349222629e-03,3.385357781086592403e-03,3.963911400658350764e-03,4.569807751310132546e-03,5.204166751221403313e-03,5.868105223813379484e-03,6.562726467681478243e-03,7.289107924828473750e-03,8.048286735344526571e-03,8.841242963784813266e-03,9.668880285949789377e-03,1.053200393661559396e-02,1.143129574135872718e-02,1.236728609164399438e-02,1.334032277472592572e-02,1.435053664173315154e-02,1.539780419163664336e-02,1.648170726847802622e-02,1.760149021652114912e-02,1.875601501417735462e-02,1.994371511244268438e-02,2.116254893489748212e-02,2.240995424906623568e-02,2.368280488478931647e-02,2.497737154201632934e-02,2.628928868168942806e-02,2.761352970855528166e-02,2.894439280955672655e-02,3.027549987909315329e-02,3.159981091539020709e-02,3.290965608486016297e-02,3.419678730312734199e-02,3.545245066044278026e-02,3.666748032575322530e-02,3.783241371295015948e-02,3.893762671667417435e-02,3.997348677186362415e-02,4.093052042363506948e-02,4.179959108450725241e-02,4.257208178045232549e-02,4.324007701808021964e-02,4.379653750364837644e-02,4.423546135431296461e-02,4.455202568499343208e-02,4.474270302842821290e-02,4.480534792609545958e-02,4.473925016751831296e-02,4.454515249218524153e-02,4.422523202702914602e-02,4.378304623123372569e-02,4.322344557502874607e-02,4.255245650868932916e-02,4.177713940818499755e-02,4.090542705307891741e-02,3.994594975541620324e-02,3.890785349119624259e-02,3.780061728746646199e-02,3.663387571052245661e-02,3.541725162810772931e-02,3.416020354196723507e-02,3.287189077857074343e-02,3.156105876081725936e-02,3.023594553396049753e-02,2.890420974696534737e-02,2.757287944395538093e-02,2.624832033087765720e-02,2.493622166500155529e-02,2.364159756949684235e-02,2.236880139017157279e-02,2.112155066598169623e-02,1.990296035359317983e-02,1.871558210166021641e-02,1.756144758585821003e-02,1.644211416690012639e-02,1.535871140026258928e-02,1.431198719181961572e-02,1.330235264588035607e-02,1.232992488296588869e-02,1.139456730908026266e-02,1.049592699397673690e-02,9.633468962804382293e-03,8.806507324837901246e-03,8.014233257014729758e-03,7.255739931558685858e-03,6.530044529130189790e-03,5.836107514786755858e-03,5.172849376487786456e-03,4.539165037603994091e-03,3.933936158255546545e-03,3.356041537338478545e-03,2.804365819517445728e-03,2.277806700673323456e-03,1.775280812431604804e-03,1.295728452357127565e-03,8.381173118719399337e-04
4.349157928124448911e-04,8.805459407161719994e-04,1.348146481865939881e-03,1.838820793898213787e-03,2.353711319909986607e-03,2.893997246911772861e-03,3.460891298827933546e-03,4.055635489812117224e-03,4.679495665121098484e-03,5.333754637603657818e-03,6.019703708497784259e-03,6.738632342370950642e-03,7.491815748607024220e-03,8.280500107052111633e-03,9.105885164834466583e-03,9.969103926916854028e-03,1.087119916700661146e-02,1.181309650088990804e-02,1.279557379439948128e-02,1.381922672684278257e-02,1.488443040194890356e-02,1.599129699658633288e-02,1.713962956696878440e-02,1.832887229670744980e-02,1.955805767388279701e-02,2.082575132674279947e-02,2.212999552879049009e-02,2.346825269976165682e-02,2.483735057097266954e-02,2.623343103829130565e-02,2.765190507428422206e-02,2.908741638752283115e-02,3.053381677034788799e-02,3.198415623068313896e-02,3.343069102034140760e-02,3.486491251411486664e-02,3.627759952843905705e-02,3.765889607357112562e-02,3.899841570267669616e-02,4.028537256893461455e-02,4.150873806507800884e-02,4.265742055996493004e-02,4.372046434640661922e-02,4.468726257152972475e-02,4.554777773986386225e-02,4.629276246043562831e-02,4.691397253773491732e-02,4.740436434352220119e-02,4.775826868247502049e-02,4.797153407691665677e-02,4.804163350978923885e-02,4.796773011857895924e-02,4.775069904263996856e-02,4.739310449417435261e-02,4.689913304260955734e-02,4.627448596445826040e-02,4.552623521028516945e-02,4.466264898035345043e-02,4.369299399914298304e-02,4.262732227594451945e-02,4.147625040117015188e-02,4.025073925433909211e-02,3.896188142096779217e-02,3.762070269298018604e-02,3.623798284578221007e-02,3.482409954451629736e-02,3.338889783591123678e-02,3.194158632772829687e-02,3.049065992695022820e-02,2.904384796125852874e-02,2.760808568291889600e-02,2.618950656365759758e-02,2.479345242700911958e-02,2.342449830895746571e-02,2.208648895621444924e-02,2.078258402673301489e-02,1.951530931077442854e-02,1.828661160725406423e-02,1.709791523807151561e-02,1.595017853739260152e-02,1.484394899421346073e-02,1.377941604161774317e-02,1.275646076664270663e-02,1.177470205648931643e-02,1.083353889906763130e-02,9.932188720016207895e-03,9.069721767373962323e-03,8.245091652917233699e-03,7.457162230108603865e-03,6.704731036979622721e-03,5.986549562218852934e-03,5.301340608026241207e-03,4.647813027245029788e-03,4.024674107738143713e-03,3.430639866314959957e-03,2.864443499678254006e-03,2.324842222400109321e-03,1.810622703058970429e-03,1.320605290297537614e-03,8.536472013721579022e-04
4.423479039360769219e-04,8.958976751428176198e-04,1.372444042215504537e-03,1.873197545884052427e-03,2.399417759003694139e-03,2.952411674280881401e-03,3.533531203959273861e-03,4.144169621096279940e-03,4.785756749046992352e-03,5.459752681281521657e-03,6.167639788105304909e-03,6.910912740856526258e-03,7.691066258619474669e-03,8.509580258655526780e-03,9.367902071264580174e-03,1.026742536478910534e-02,1.120946541966751607e-02,1.219523039517617091e-02,1.322578825279810584e-02,1.430202904074870558e-02,1.542462231045667494e-02,1.659396953365508201e-02,1.781015152438155877e-02,1.907287104971382846e-02,2.038139104188931711e-02,2.173446910651322464e-02,2.313028935828950750e-02,2.456639300482160726e-02,2.603960953310217527e-02,2.754599081834712901e-02,2.908075094895748447e-02,3.063821501397006805e-02,3.221178049082062261e-02,3.379389515407314054e-02,3.537605554694531890e-02,3.694882996262291441e-02,3.850190952172249242e-02,4.002419026795112772e-02,4.150388821804658346e-02,4.292868800388212336e-02,4.428592417651157354e-02,4.556279248111799046e-02,4.674658656762922804e-02,4.782495380758762515e-02,4.878616228850338188e-02,4.961936979280885673e-02,5.031488475947824140e-02,5.086440895769270276e-02,5.126125191531182013e-02,5.150050803543328171e-02,5.157918875338943915e-02,5.149630394927978694e-02,5.125288902604201169e-02,5.085197646149692413e-02,5.029851310722164431e-02,4.959922689762225056e-02,4.876244881278446464e-02,4.779789778200312089e-02,4.671643761236819736e-02,4.552981589619042174e-02,4.425039514606027985e-02,4.289088612363437664e-02,4.146409251032937698e-02,3.998267480030696930e-02,3.845893969765701997e-02,3.690465950994132466e-02,3.533092419284940278e-02,3.374802694788875401e-02,3.216538271510467617e-02,3.059147761225487760e-02,2.903384639248932086e-02,2.749907433358145595e-02,2.599281961509283811e-02,2.451985214773360830e-02,2.308410494199032020e-02,2.168873438667839881e-02,2.033618619962839283e-02,1.902826426491173797e-02,1.776620004445544909e-02,1.655072071607752507e-02,1.538211462312550314e-02,1.426029300909621191e-02,1.318484734648009762e-02,1.215510185034556975e-02,1.117016099531286180e-02,1.022895203350443656e-02,9.330262646209471974e-03,8.472773959451196726e-03,7.655089219587922836e-03,6.875758465413130821e-03,6.133299553319564688e-03,5.426215896674082932e-03,4.753011273633487091e-03,4.112202042551682361e-03,3.502327083585823984e-03,2.921955761237818826e-03,2.369694177013174398e-03,1.844189955376102216e-03,1.344135780623995340e-03,8.682718778201823154e-04
4.492584346981567706e-04,9.102057538300436113e-04,1.395177225091457241e-03,1.905495743366591044e-03,2.442544289744424686e-03,3.007765198494779125e-03,3.602658554013651263e-03,4.228779532343777785e-03,4.887734473975259564e-03,5.581175444245793649e-03,6.310793005077234945e-03,7.078306887517017698e-03,7.885454219408630228e-03,8.733974927685836387e-03,9.625593901942241376e-03,1.056199947733346169e-02,1.154481777349558591e-02,1.257558241581157102e-02,1.365569917076399006e-02,1.478640505403125416e-02,1.596872152520725438e-02,1.720340147431788716e-02,1.849086984121452865e-02,1.983115789837926884e-02,2.122383147938056852e-02,2.266791375671084463e-02,2.416180356912471516e-02,2.570319077091300086e-02,2.728897061879173233e-02,2.891515981303587404e-02,3.057681744452137376e-02,3.226797473259718219e-02,3.398157802108998926e-02,3.570944996931440379e-02,3.744227415939777037e-02,3.916960836282146891e-02,4.087993139253488784e-02,4.256072774979020867e-02,4.419861311921553099e-02,4.577950217055553467e-02,4.728881813628273839e-02,4.871174134733086136e-02,5.003349146964036070e-02,5.123963577518824558e-02,5.231641360547382991e-02,5.325106544176803208e-02,5.403215385464046894e-02,5.464986318512496388e-02,5.509626516769089433e-02,5.536553883048093982e-02,5.545413483005874611e-02,5.536087677769392645e-02,5.508699494155062243e-02,5.463609079565646259e-02,5.401403405604337377e-02,5.322879691935952090e-02,5.229023302516434130e-02,5.120981103483901453e-02,5.000031451107436742e-02,4.867552087770892627e-02,4.724987257258986967e-02,4.573815306784051460e-02,4.415517927967749223e-02,4.251552014323138617e-02,4.083324895535949545e-02,3.912173468723738334e-02,3.739347503952086121e-02,3.565997173755003358e-02,3.393164658618414570e-02,3.221779521887844361e-02,3.052657432832450723e-02,2.886501745514120573e-02,2.723907409902204951e-02,2.565366694111236023e-02,2.411276225221429398e-02,2.261944903131498513e-02,2.117602300088678585e-02,1.978407221774997754e-02,1.844456169212983429e-02,1.715791500718364532e-02,1.592409147321079479e-02,1.474265782184397064e-02,1.361285384079482727e-02,1.253365167024874695e-02,1.150380873288156872e-02,1.052191445824061586e-02,9.586431097582221242e-03,8.695729016108544318e-03,7.848116904424107254e-03,7.041867377688003533e-03,6.275238436148918887e-03,5.546491250256869662e-03,4.853904712074226871e-03,4.195787166050248505e-03,3.570485699342098966e-03,2.976393337017295068e-03,2.411954452323892325e-03,1.875668667952571766e-03,1.366093491645033143e-03,8.818458991355545553e-04
4.555714584271778841e-04,9.233149194887696866e-04,1.416104418437830236e-03,1.935379972235667066e-03,2.482653852081768021e-03,3.059510917295680914e-03,3.667608122398800883e-03,4.308672998972378279e-03,4.984500880786762317e-03,5.696950603923950016e-03,6.447938373250089103e-03,7.239429442959966800e-03,8.073427212643133344e-03,8.951959292455438991e-03,9.877060043103721987e-03,1.085074905073560476e-02,1.187500495659712593e-02,1.295173403064330507e-02,1.408273286255112312e-02,1.526964454957794107e-02,1.651390779674268700e-02,1.781669842076013394e-02,1.917886287637395742e-02,2.060084361470696304e-02,2.208259635100345841e-02,2.362349967622018321e-02,2.522225790386970964e-02,2.687679860679630800e-02,2.858416696789023437e-02,3.034041983393813771e-02,3.214052319933372731e-02,3.397825771606535067e-02,3.584613766895797249e-02,3.773534959133773015e-02,3.963571722881605031e-02,4.153569977799813351e-02,4.342243012035972016e-02,4.528179903896904085e-02,4.709859007654833979e-02,4.885666774564404596e-02,5.053921927873750858e-02,5.212904712651564992e-02,5.360890616925355345e-02,5.496187635293200285e-02,5.617175848561551527e-02,5.722347851556561921e-02,5.810348400413434949e-02,5.880011587288633268e-02,5.930393892031956410e-02,5.960801604590541120e-02,5.970811347988638773e-02,5.960282742672291106e-02,5.929362618306047161e-02,5.878480576791128565e-02,5.808336118132793185e-02,5.719877936743882063e-02,5.614276357906536341e-02,5.492890190959078683e-02,5.357229507423105080e-02,5.208915992375298676e-02,5.049642555575800662e-02,4.881133823178065989e-02,4.705108968825087029e-02,4.523248101418586575e-02,4.337163129976649711e-02,4.148373701978824712e-02,3.958288488886778367e-02,3.768191796241816133e-02,3.579235225000204634e-02,3.392433917313890379e-02,3.208666788078441690e-02,3.028680071053658010e-02,2.853093488180705878e-02,2.682408372883013023e-02,2.517017131471912389e-02,2.357213500355044566e-02,2.203203140879324631e-02,2.055114200441586492e-02,1.913007552065202482e-02,1.776886500971603181e-02,1.646705813430561841e-02,1.522379979340910371e-02,1.403790665549367600e-02,1.290793352506348392e-02,1.183223173537150709e-02,1.080899995026948085e-02,9.836327884788905948e-03,8.912233529532992415e-03,8.034694499644298368e-03,7.201674134851724328e-03,6.411142961185684747e-03,5.661096094152506114e-03,4.949567122855073539e-03,4.274638968890265636e-03,3.634452165962152696e-03,3.027210958286540628e-03,2.451187569605092331e-03,1.904724951015843116e-03,1.386238275489859364e-03,8.942154102018401223e-04
4.612072495932400011e-04,9.350619119257456893e-04,1.434970927976684466e-03,1.962495643533923063e-03,2.519282950126197629e-03,3.107066890196425596e-03,3.727669508900410822e-03,4.383000744132561736e-03,5.075057107984101701e-03,5.805918869345201919e-03,6.577745398609536297e-03,7.392768281471685451e-03,8.253281749968501696e-03,9.161629915971745627e-03,1.012019022663532448e-02,1.113135249494695382e-02,1.219749279463382477e-02,1.332094145157985444e-02,1.450394431952126660e-02,1.574861650382501643e-02,1.705688770345837463e-02,1.843043838998536729e-02,1.987062614812832098e-02,2.137840168189992368e-02,2.295421426205935395e-02,2.459790677390270852e-02,2.630860103741645625e-02,2.808457472936562102e-02,2.992313204677186228e-02,3.182047120992764072e-02,3.377155299054558635e-02,3.576997562484054288e-02,3.780786266338035523e-02,3.987577142049550383e-02,4.196263058723077172e-02,4.405571611026482676e-02,4.614067444975670368e-02,4.820160165393223145e-02,5.022118520316766477e-02,5.218091322047571645e-02,5.406135244931475903e-02,5.584249250535096298e-02,5.750414957294059520e-02,5.902641829391485490e-02,6.039015649813118947e-02,6.157748406657263807e-02,6.257227495299887143e-02,6.336062046057985842e-02,6.393124237228949014e-02,6.427583641802278591e-02,6.438932965596738667e-02,6.427003940062232801e-02,6.391972606116981537e-02,6.334353737688247499e-02,6.254984677843955510e-02,6.154999370105707079e-02,6.035793835933431911e-02,5.898984748794736804e-02,5.746363058260875456e-02,5.579844800120423165e-02,5.401421274132776201e-02,5.213110675141897910e-02,5.016913035573978413e-02,4.814770001776741415e-02,4.608530558293652546e-02,4.399923373998039511e-02,4.190536012859963355e-02,3.981800865070023177e-02,3.774987336741886246e-02,3.571199602516847427e-02,3.371379078128202561e-02,3.176310703286925469e-02,2.986632126761927172e-02,2.802844939548644609e-02,2.625327192111441554e-02,2.454346542619167959e-02,2.290073502058647889e-02,2.132594359258459943e-02,1.981923477324873742e-02,1.838014748601042928e-02,1.700772076016116019e-02,1.570058814244509882e-02,1.445706155229734696e-02,1.327520480816433285e-02,1.215289732300876661e-02,1.108788864573020602e-02,1.007784463030090942e-02,9.120386062677612524e-03,8.213120581521403049e-03,7.353668704568495397e-03,6.539684727957817759e-03,5.768873208644105348e-03,5.039001676084872532e-03,4.347910153028296601e-03,3.693517999539716080e-03,3.073828531490365844e-03,2.486931805931632579e-03,1.931005911854222733e-03,1.404317056125073317e-03,9.052186909471791974e-04
4.660826599534671874e-04,9.452762153541175620e-04,1.451510079702942419e-03,1.986470421377092670e-03,2.551943358116971500e-03,3.149818052869281411e-03,3.782089165085752124e-03,4.450858443398253254e-03,5.158335201964243076e-03,5.906835372463122881e-03,6.698778766221582560e-03,7.536684115913739636e-03,8.423161393643862488e-03,9.360900822301876020e-03,1.035265791079309147e-02,1.140123375280428612e-02,1.250944973599758120e-02,1.368011571818692797e-02,1.491599064526617779e-02,1.621973452084506107e-02,1.759385060091409048e-02,1.904061669283888328e-02,2.056200450459957918e-02,2.215958613917921177e-02,2.383442708557148570e-02,2.558696544985391078e-02,2.741687772591162170e-02,2.932293215253220509e-02,3.130283166236724757e-02,3.335304960727300538e-02,3.546866283295270483e-02,3.764318823479626680e-02,3.986843058084092034e-02,4.213435101749390954e-02,4.442896711259246290e-02,4.673829632859686362e-02,4.904635521640454687e-02,5.133522613336978513e-02,5.358520170701316920e-02,5.577501445788729528e-02,5.788215495783260306e-02,5.988327679484602151e-02,6.175468078324920090e-02,6.347286479696720440e-02,6.501511991500741328e-02,6.636014886504167098e-02,6.748867955855898659e-02,6.838404517814551664e-02,6.903270292539408215e-02,6.942466606115961503e-02,6.955382798539709588e-02,6.941816243049234170e-02,6.901978998016830569e-02,6.836490771054867799e-02,6.746358546234265674e-02,6.632943879796361630e-02,6.497919476378638537e-02,6.343217181361450463e-02,6.170969927057320253e-02,5.983450414421914720e-02,5.783009370508126329e-02,5.572016084956932236e-02,5.352803608531128687e-02,5.127620527500040964e-02,4.898590661441342559e-02,4.667681429372300822e-02,4.436681049484907102e-02,4.207184230594422647e-02,3.980585612463999334e-02,3.758079933464968103e-02,3.540667747248017055e-02,3.329165462244782631e-02,3.124218517951736496e-02,2.926316615789270603e-02,2.735810066013357605e-02,2.552926474787925101e-02,2.377787160528346475e-02,2.210422844114451335e-02,2.050788296026688148e-02,1.898775741016650240e-02,1.754226916506266762e-02,1.616943755379829373e-02,1.486697719251100017e-02,1.363237847331972424e-02,1.246297611568847157e-02,1.135600683524841045e-02,1.030865725084910423e-02,9.318103156154968619e-03,8.381541245181284294e-03,7.496214316176540854e-03,6.659430896379428186e-03,5.868580139808729675e-03,5.121142757481769552e-03,4.414698648553376688e-03,3.746931814631819253e-03,3.115633059673827976e-03,2.518700905290659296e-03,1.954141086333650249e-03,1.420064934192268209e-03,9.146869049880188268e-04
4.701116017746698617e-04,9.537810272031231173e-04,1.465444673622753272e-03,2.006916148381429621e-03,2.580124487678853509e-03,3.187118974787873753e-03,3.830073463255378313e-03,4.511289991023849713e-03,5.233201422928206170e-03,5.998372802113822490e-03,6.809501024659729042e-03,7.669412375234917374e-03,8.581057374317791614e-03,9.547502289059785902e-03,1.057191655050217227e-02,1.165755520059138031e-02,1.280773536546257405e-02,1.402580562054174876e-02,1.531510698404819036e-02,1.667892415712754137e-02,1.812042553327608899e-02,1.964259044337295437e-02,2.124812210699206227e-02,2.293934485281817065e-02,2.471808438390442689e-02,2.658553023561151946e-02,2.854208014783395433e-02,3.058716689215661491e-02,3.271906919872679537e-02,3.493470984554393477e-02,3.722944571194446856e-02,3.959685663171011449e-02,4.202854213462120514e-02,4.451393750149892220e-02,4.704016276787179734e-02,4.959192011298442504e-02,5.215145612085209104e-02,5.469860532637095540e-02,5.721092991403339822e-02,5.966396716681278412e-02,6.203159119020675016e-02,6.428648872727468766e-02,6.640074098125725577e-02,6.834649498191268380e-02,7.009670005789513103e-02,7.162587833624399491e-02,7.291089367667923093e-02,7.393168157677239283e-02,7.467190349981844832e-02,7.511949256368485872e-02,7.526706310243441722e-02,7.511216367093971613e-02,7.465736103049371020e-02,7.391015107068618639e-02,7.288270115117832793e-02,7.159143670271467252e-02,7.005649278396590407e-02,6.830105821139684230e-02,6.635064531282874878e-02,6.423232172194330569e-02,6.197394146223137584e-02,5.960341065418518075e-02,5.714801866205145020e-02,5.463385888162081150e-02,5.208535544241464643e-02,4.952490377101900071e-02,4.697262511600280160e-02,4.444622847166185275e-02,4.196096830113738019e-02,3.952968321459526813e-02,3.716289922799581591e-02,3.486898116158426014e-02,3.265431678858683739e-02,3.052352014359007229e-02,2.847964260526688121e-02,2.652438269836286666e-02,2.465828780707880752e-02,2.288094301981610443e-02,2.119114405916076513e-02,1.958705266451367735e-02,1.806633389532755207e-02,1.662627563909993555e-02,1.526389117984035086e-02,1.397600605318480120e-02,1.275933062604523230e-02,1.161051992999115323e-02,1.052622228134876201e-02,9.503118164300732376e-03,8.537950757496231419e-03,7.627549366236349368e-03,6.768846893316842611e-03,5.958892350728007756e-03,5.194859287506930177e-03,4.474050889864255448e-03,3.793902400435932715e-03,3.151981405164582320e-03,2.545986449118677660e-03,1.973744366198286904e-03,1.433206641504321905e-03,9.224450683221713070e-04
4.732056463082226863e-04,9.603944661333716415e-04,1.476488819003156719e-03,2.023431315147150578e-03,2.603296483725296533e-03,3.218297553750197777e-03,3.870792935365889847e-03,4.563292194697732805e-03,5.298461262871837982e-03,6.079126556940180406e-03,6.908277615893355407e-03,7.789067767234260711e-03,8.724812237337724319e-03,9.718983000867318853e-03,1.077519953011996968e-02,1.189721445429413500e-02,1.308889297240895845e-02,1.435418468465403732e-02,1.569708632034759119e-02,1.712159365461380506e-02,1.863164073274020324e-02,2.023102437871154152e-02,2.192331187708610254e-02,2.371172971758462450e-02,2.559903142088586561e-02,2.758734277297718654e-02,2.967798334357409779e-02,3.187126401750251664e-02,3.416626149366606274e-02,3.656057236398789489e-02,3.905005151367849786e-02,4.162854218507180265e-02,4.428760806028716329e-02,4.701628099860623994e-02,4.980084136172193560e-02,5.262465080417722679e-02,5.546805951539886953e-02,5.830841061490345950e-02,6.112016315927215615e-02,6.387515155620009100e-02,6.654299286824866266e-02,6.909164465773440233e-02,7.148810524796606058e-02,7.369923656708908533e-02,7.569267843246534067e-02,7.743781365386517845e-02,7.890673691834988734e-02,8.007517784583302600e-02,8.092333003583672413e-02,8.143654292802912642e-02,8.160584102018088315e-02,8.142824444001479922e-02,8.090687519963393748e-02,8.005084411077090234e-02,7.887492402212745168e-02,7.739902559243655444e-02,7.564750197216338345e-02,7.364831800747397017e-02,7.143212709108640035e-02,6.903130361408149618e-02,6.647898029124030272e-02,6.380813701141985206e-02,6.105078146037944825e-02,5.823725233749718622e-02,5.539566475649831956e-02,5.255150579440058534e-02,4.972737745289181055e-02,4.694287552707653022e-02,4.421458660866287721e-02,4.155618181571966996e-02,3.897858461266892616e-02,3.649019080345691779e-02,3.409712088700734417e-02,3.180348790114170127e-02,2.961166716938656851e-02,2.752255763625825052e-02,2.553582748069625069e-02,2.365013929031735754e-02,2.186335220148774572e-02,2.017270006260927367e-02,1.857494589954496872e-02,1.706651381230293169e-02,1.564359997792040893e-02,1.430226474167744025e-02,1.303850790675415566e-02,1.184832933191156887e-02,1.072777685900362828e-02,9.672983449436615977e-03,8.680195235465053630e-03,7.745792006170664282e-03,6.866301461459161683e-03,6.038408388590784000e-03,5.258959749641718175e-03,4.524966517575635186e-03,3.833602964359755002e-03,3.182203986755130932e-03,2.568260953301599713e-03,1.989416468436488311e-03,1.443458375246822658e-03,9.283132555951002611e-04
4.752747442057795517e-04,9.649310339939945035e-04,1.484350176989509586e-03,2.035604114628332319e-03,2.620914109602123614e-03,3.242659733538865666e-03,3.903387801038245633e-03,4.605821059457768964e-03,5.352866388261177943e-03,6.147622194084884605e-03,6.993384605911140764e-03,7.893651976657064043e-03,8.852127080804555320e-03,9.872716260147629264e-03,1.095952460928607992e-02,1.211684610762921339e-02,1.334914739480916844e-02,1.466104365248584521e-02,1.605726480083040711e-02,1.754260994916911204e-02,1.912188776877217153e-02,2.079984019943108969e-02,2.258104668653949931e-02,2.446980600873314982e-02,2.646999274740891722e-02,2.858488563290748768e-02,3.081696545753889738e-02,3.316768106703682495e-02,3.563718323356501044e-02,3.822402808008391190e-02,4.092485425791601850e-02,4.373404132831679864e-02,4.664336074540535032e-02,4.964163535230937258e-02,5.271442810375199378e-02,5.584378535074105421e-02,5.900806380558085151e-02,6.218187242310885265e-02,6.533615998780256673e-02,6.843847537027174244e-02,7.145341969068351451e-02,7.434329800548496181e-02,7.706896332269284888e-02,7.959082919767482278e-02,8.187001089856799085e-02,8.386954141167754506e-02,8.555559935840165164e-02,8.689868243324323782e-02,8.787466241438716963e-02,8.846566528637551940e-02,8.866073101189603234e-02,8.845622031851428646e-02,8.785594922041084498e-02,8.687104522325117539e-02,8.551953221023698981e-02,8.382566407920614970e-02,8.181904027973896376e-02,7.953354889672369088e-02,7.700619360580353290e-02,7.427586806491212612e-02,7.138214359968003686e-02,6.836413253526721356e-02,6.525948037239327759e-02,6.210352638788169816e-02,5.892865610408960786e-02,5.576385264416924142e-02,5.263443928658431692e-02,4.956199399203919248e-02,4.656440900318919995e-02,4.365606482028249608e-02,4.084808741985297698e-02,3.814865969870097351e-02,3.556336189775589907e-02,3.309552036898441574e-02,3.074654883510859193e-02,2.851627079242237406e-02,2.640321564126571138e-02,2.440488436746265574e-02,2.251798312190002663e-02,2.073862490582549511e-02,1.906250085630385727e-02,1.748502344431060798e-02,1.600144435100376086e-02,1.460694996963690304e-02,1.329673747088532497e-02,1.206607423216718780e-02,1.091034321638072874e-02,9.825076629107247494e-03,8.805979911933475152e-03,7.848947860922252107e-03,6.950074404789258198e-03,6.105657343667801260e-03,5.312199139722855769e-03,4.566404666244372641e-03,3.865176661620951717e-03,3.205609497246255345e-03,2.584981751906192341e-03,2.000747987274994165e-03,1.450530037521864960e-03,9.321080584967641417e-04
4.762280725475710676e-04,9.672033423717102223e-04,1.488732630216340258e-03,2.043016113844999329e-03,2.632421471661618856e-03,3.259495318820224835e-03,3.926974890371208796e-03,4.637799807625117565e-03,5.395123707022783134e-03,6.202325440126953832e-03,7.063019466201410183e-03,7.981064952177147412e-03,8.960572965264998122e-03,1.000591098747034835e-02,1.112170379513003141e-02,1.231282952683797859e-02,1.358440950686013067e-02,1.494179009667148672e-02,1.639051451498274928e-02,1.793628220029627393e-02,1.958489289838720449e-02,2.134217225610278781e-02,2.321387531845508362e-02,2.520556399742655135e-02,2.732245436460563684e-02,2.956922959310439095e-02,3.194981463886358009e-02,3.446710943499115692e-02,3.712267862678408220e-02,3.991639786732125578e-02,4.284605959108935685e-02,4.590694512317255310e-02,4.909137502690095328e-02,5.238825567197961941e-02,5.578264684097156839e-02,5.925538223170918883e-02,6.278278108071345953e-02,6.633649363653357223e-02,6.988352444457028578e-02,7.338647396197899020e-02,7.680402983930832705e-02,8.009172396787850312e-02,8.320295088922367854e-02,8.609021945360954831e-02,8.870658583967204469e-02,9.100719584611838275e-02,9.295085100084921059e-02,9.450150849005579945e-02,9.562962933483565298e-02,9.631330096550234920e-02,9.653907653442886372e-02,9.630249101632659681e-02,9.560823129049463021e-02,9.446995330180942008e-02,9.290975462677279750e-02,9.095732641711663791e-02,8.864882539340765422e-02,8.602552374364882959e-02,8.313231048443905924e-02,8.001612920483409941e-02,7.672444135008786581e-02,7.330379963969413382e-02,6.979860295746993792e-02,6.625008403339596730e-02,6.269555766673401420e-02,5.916793371795223827e-02,5.569547874206494387e-02,5.230179499951584376e-02,4.900597645681762510e-02,4.582289796995109299e-02,4.276359507605799470e-02,3.983569630824492641e-02,3.704387629422600803e-02,3.439030491570722187e-02,3.187507461894465571e-02,2.949659402654672066e-02,2.725194102990769959e-02,2.513717246910781439e-02,2.314759039514398611e-02,2.127796689463400115e-02,1.952273070625529239e-02,1.787611953843514651e-02,1.633230226037446498e-02,1.488547511060198808e-02,1.352993585034400516e-02,1.226013946024420188e-02,1.107073859462634306e-02,9.956611606731407063e-03,8.912880567051559982e-03,7.934921330932681593e-03,7.018367379738134348e-03,6.159108865773707878e-03,5.353288035258343437e-03,4.597291984191919680e-03,3.887743516122849248e-03,3.221490715068243364e-03,2.595595717521218242e-03,2.007323061006060540e-03,1.454127899658735033e-03,9.336443067787688049e-04
4.759750105695782080e-04,9.670241090919799460e-04,1.489339390822957661e-03,2.045246564085505432e-03,2.637257618975858905e-03,3.268084943789478954e-03,3.940656046841490602e-03,4.658128758904370864e-03,5.423906735499771370e-03,6.241655007068166831e-03,7.115315235221047162e-03,8.049120220904966080e-03,9.047607070827258166e-03,1.011562825678081687e-02,1.125835959293197686e-02,1.248130390276005162e-02,1.379028884424834088e-02,1.519145700381473174e-02,1.669124595252178753e-02,1.829635548134194573e-02,2.001369869945626712e-02,2.185033310196533504e-02,2.381336711327653247e-02,2.590983702781795781e-02,2.814654876011857959e-02,3.052987846934542698e-02,3.306552606191871108e-02,3.575821596394672397e-02,3.861134060146582947e-02,4.162654398050832927e-02,4.480324589709736016e-02,4.813811190014861269e-02,5.162448038699218172e-02,5.525176619371562070e-02,5.900486955138650735e-02,6.286362972263818960e-02,6.680237290811094630e-02,7.078961244944792508e-02,7.478796379703252228e-02,7.875433479089589961e-02,8.264044146731455709e-02,8.639367981257237150e-02,8.995835533484980440e-02,9.327723788866945642e-02,9.629337376643007373e-02,9.895205668132026067e-02,1.012028394688123112e-01,1.030014625362652980e-01,1.043115833900455924e-01,1.051062107446520816e-01,1.053687714696229100e-01,1.050937636094676775e-01,1.042869704661797126e-01,1.029652287173138669e-01,1.011557597751834708e-01,9.889509114783408272e-02,9.622761558094519718e-02,9.320385989229369728e-02,8.987855940611243211e-02,8.630865255184221041e-02,8.255131826908515547e-02,7.866217310870222967e-02,7.469372535541897451e-02,7.069415342781143474e-02,6.670644071580472678e-02,6.276786485131798099e-02,5.890981105250681776e-02,5.515785950892843764e-02,5.153208649277621345e-02,4.804751696950083223e-02,4.471467090245320047e-02,4.154015384925957566e-02,3.852725268436742179e-02,3.567650768915286985e-02,3.298624172820342065e-02,3.045303518715669969e-02,2.807214158431647899e-02,2.583784334640388050e-02,2.374375036638269598e-02,2.178304590817295439e-02,1.994868546466332590e-02,1.823355456073953371e-02,1.663059143005411050e-02,1.513288014667231972e-02,1.373371928305227446e-02,1.242667058149381915e-02,1.120559152657018588e-02,1.006465512904996390e-02,8.998359699643989490e-03,8.001530914759925547e-03,7.069318060074257851e-03,6.197185980144398823e-03,5.380903959663507763e-03,4.616532508997313496e-03,3.900408817427088864e-03,3.229131466119012847e-03,2.599544853624415584e-03,2.008723674564133303e-03,1.453957702520875753e-03,9.327370571101206665e-04
4.744262430026616271e-04,9.642084234900081792e-04,1.485876547983201040e-03,2.041877356312377274e-03,2.634863035006641124e-03,3.267708227495797185e-03,3.943528067260108037e-03,4.665697161954088928e-03,5.437869404251275372e-03,6.263998416648451639e-03,7.148358348681638740e-03,8.095564631065232594e-03,9.110594146362335083e-03,1.019880409311124322e-02,1.136594859201195580e-02,1.261819179997553282e-02,1.396211595093563643e-02,1.540472232134586575e-02,1.695342261370585968e-02,1.861601765547300086e-02,2.040065961927942095e-02,2.231579318621596322e-02,2.437007021091201764e-02,2.657223153620566491e-02,2.893094870245101549e-02,3.145461749327642387e-02,3.415109469447973056e-02,3.702736931455201386e-02,4.008916009483296655e-02,4.334043277355891649e-02,4.678283368251296565e-02,5.041504131346585815e-02,5.423204494131861342e-02,5.822436954870451042e-02,6.237727917959438872e-02,6.667000595063764246e-02,7.107506799367395434e-02,7.555775435465926504e-02,8.007586511491578130e-02,8.457979683335248300e-02,8.901305300784241592e-02,9.331323405967180407e-02,9.741352145759848979e-02,1.012446198629485261e-01,1.047370672830399141e-01,1.078237763113677194e-01,1.104426394140977097e-01,1.125390240369558287e-01,1.140679991319838438e-01,1.149961673582230726e-01,1.153030166230121084e-01,1.149817408480754977e-01,1.140395068909774157e-01,1.124971624039442092e-01,1.103883932470793444e-01,1.077583561920394950e-01,1.046618384590506934e-01,1.011610304596350651e-01,9.732303634955058458e-02,9.321727891444708813e-02,8.891297090937755332e-02,8.447681798790840357e-02,7.997108869921555618e-02,7.545214067104673294e-02,7.096943870413367772e-02,6.656505015076727427e-02,6.227356330632687759e-02,5.812234946917615996e-02,5.413207895436321360e-02,5.031740315324618323e-02,4.668772491715889039e-02,4.324799423127138193e-02,3.999948212838609629e-02,3.694050084097331987e-02,3.406705103035871651e-02,3.137338705781960585e-02,2.885249868889295383e-02,2.649651266462342211e-02,2.429702067733037138e-02,2.224534191813994088e-02,2.033272893928637221e-02,1.855052544417482713e-02,1.689028405252262013e-02,1.534385128490623265e-02,1.390342610899652706e-02,1.256159747976699076e-02,1.131136544395249313e-02,1.014614959589995452e-02,9.059787981480729724e-03,8.046528951629081799e-03,7.101017963274414493e-03,6.218280905144949085e-03,5.393705179608756194e-03,4.623019489422623869e-03,3.902273050366675614e-03,3.227814768420381869e-03,2.596272775534768512e-03,2.004534604367074271e-03,1.449728193767851328e-03,9.292038484762902856e-04
4.714949861816069535e-04,9.585762714773555073e-04,1.478057043647445536e-03,2.032498610843219092e-03,2.624687014563486381e-03,3.257653118875564885e-03,3.934694198953721418e-03,4.659397024753999215e-03,5.435662390460978613e-03,6.267730978576168017e-03,7.160210364524911310e-03,8.118102857691291557e-03,9.146833730798678563e-03,1.025227920298205607e-02,1.144079330249923171e-02,1.271923243072504289e-02,1.409497606593556121e-02,1.557594156780667781e-02,1.717059045473897164e-02,1.888792280916123945e-02,2.073745560566133544e-02,2.272917974271897526e-02,2.487348939007077986e-02,2.718107595603997534e-02,2.966277757499507714e-02,3.232937359763485285e-02,3.519131227806195084e-02,3.825835891472599559e-02,4.153915144619745731e-02,4.504065138511722383e-02,4.876748059430890264e-02,5.272113949899827345e-02,5.689911069491727924e-02,6.129386430728363255e-02,6.589179835035739730e-02,7.067216856894753541e-02,7.560608656734484068e-02,8.065568966036704146e-02,8.577360620299785687e-02,9.090284991945174475e-02,9.597726904967925077e-02,1.009226453268028956e-01,1.056584821756515330e-01,1.101004457609861681e-01,1.141633386244653714e-01,1.177644110559786378e-01,1.208267678735783501e-01,1.232826195804135605e-01,1.250761572288396073e-01,1.261658879205835304e-01,1.265263332986343858e-01,1.261490476933201377e-01,1.250429450374443141e-01,1.232339356181769568e-01,1.207638770108384052e-01,1.176888542106475921e-01,1.140768342975675975e-01,1.100047929623029219e-01,1.055554737899043055e-01,1.008139977733539666e-01,9.586457075274147643e-02,9.078752830278807862e-02,8.565691099668791553e-02,8.053868929693172585e-02,7.548967418934933449e-02,7.055707442640492266e-02,6.577860589652637091e-02,6.118302792214189850e-02,5.679097355876306513e-02,5.261595064334056993e-02,4.866541055293242823e-02,4.494180615859107164e-02,4.144358469350221258e-02,3.816608241515297151e-02,3.510230478337814791e-02,3.224358823423201237e-02,2.958014797056160439e-02,2.710152126430331876e-02,2.479691837683304506e-02,2.265549408118365179e-02,2.066655251183701497e-02,1.881969713075184319e-02,1.710493631045912830e-02,1.551275361905999316e-02,1.403415048950024807e-02,1.266066764954176978e-02,1.138439052176796855e-02,1.019794279040395213e-02,9.094471472774826037e-03,8.067626117436875813e-03,7.111534163206860437e-03,6.220774016581386533e-03,5.390347022614287373e-03,4.615649200611556327e-03,3.892443377097359186e-03,3.216832162340301123e-03,2.585232073072312765e-03,1.994348994339961018e-03,1.441155090660218435e-03,9.228672150707144511e-04
4.670983277816637830e-04,9.499553024562830492e-04,1.465605050757886642e-03,2.016714869603444989e-03,2.606195891324037534e-03,3.237226398194945499e-03,3.913277168761501897e-03,4.638138935369136295e-03,5.415951998155971517e-03,6.251237990550906690e-03,7.148933719946628032e-03,8.114426908216881146e-03,9.153593521965068189e-03,1.027283620163050269e-02,1.147912305921679026e-02,1.278002580100129869e-02,1.418375572552032539e-02,1.569919562638149441e-02,1.733592496863511564e-02,1.910423487826130515e-02,2.101512845693905354e-02,2.308030067979887495e-02,2.531209062903005957e-02,2.772339705079196123e-02,3.032754621139399295e-02,3.313809882782774163e-02,3.616858058098117862e-02,3.943211861099619325e-02,4.294096480943870170e-02,4.670588621933188106e-02,5.073540422654361504e-02,5.503486853568786280e-02,5.960536047797804216e-02,6.444243443538073823e-02,6.953472738031038491e-02,7.486249538071734766e-02,8.039617168024371097e-02,8.609508059174075800e-02,9.190647872707645438e-02,9.776512036036133502e-02,1.035935448713965201e-01,1.093032496040643453e-01,1.147968347691944307e-01,1.199710926273983708e-01,1.247208795202047749e-01,1.289434867175580091e-01,1.325431478728905654e-01,1.354353102165528622e-01,1.375503549601701792e-01,1.388365570545467831e-01,1.392621875014933841e-01,1.388167460907981932e-01,1.375113488556622132e-01,1.353782873211299975e-01,1.324697512822382295e-01,1.288556973297519670e-01,1.246208780082668499e-01,1.198611272370252029e-01,1.146791077416029342e-01,1.091798295617251863e-01,1.034663072267519024e-01,9.763571374853578788e-02,9.177631301783970019e-02,8.596533108215856367e-02,8.026779420688662237e-02,7.473624785866429809e-02,6.941119429229226923e-02,6.432205180261019173e-02,5.948843970896362798e-02,5.492161822255419573e-02,5.062594944415300946e-02,4.660028520960385334e-02,4.283922313769607942e-02,3.933420099689681482e-02,3.607442066171581002e-02,3.304760712721632743e-02,3.024061658073816730e-02,2.763991182645630582e-02,2.523192472471086703e-02,2.300332480267723578e-02,2.094121160899396761e-02,1.903324627833555271e-02,1.726773550803672660e-02,1.563367895103369085e-02,1.412078902083830322e-02,1.271949034152886071e-02,1.142090457329037780e-02,1.021682509162979632e-02,9.099684972748760259e-03,8.062520909847967904e-03,7.098935025535439876e-03,6.203056025772545751e-03,5.369500735550753259e-03,4.593336743758614539e-03,3.870046645882973656e-03,3.195494192870547770e-03,2.565892520051933114e-03,1.977774531318974346e-03,1.427965442605828948e-03,9.135574386959415070e-04
4.611586662690133004e-04,9.381838101256891743e-04,1.448260711948513423e-03,1.994151835603417619e-03,2.578882048847351300e-03,3.205765259111538826e-03,3.878433664234188193e-03,4.600869797166626599e-03,5.377441524955592182e-03,6.212940129128885665e-03,7.112621541673960421e-03,8.082250731173055286e-03,9.128149118368051804e-03,1.025724473792507044e-02,1.147712463871482409e-02,1.279608870988243469e-02,1.422320371103701422e-02,1.576835574327060951e-02,1.744229868849118265e-02,1.925669522625783961e-02,2.122414586217514360e-02,2.335819991729320977e-02,2.567334057977832193e-02,2.818493385952345470e-02,3.090912858156178236e-02,3.386269140975718683e-02,3.706275737951789800e-02,4.052647271980848453e-02,4.427050321727391685e-02,4.831037863220321443e-02,5.265964268564015532e-02,5.732878032141033170e-02,6.232390124635761586e-02,6.764517358629124066e-02,7.328502651296407711e-02,7.922617816851261485e-02,8.543959591517258367e-02,9.188255749104348724e-02,9.849704655139895904e-02,1.052087701636138656e-01,1.119271086109511065e-01,1.185462763834250199e-01,1.249478704425739106e-01,1.310048080367254841e-01,1.365864384826790123e-01,1.415644046514070165e-01,1.458186944664222606e-01,1.492433082275906320e-01,1.517510797334516714e-01,1.532773842663537889e-01,1.537826691637752818e-01,1.532538803616114997e-01,1.517048935209487637e-01,1.491760031783035956e-01,1.457324311645995796e-01,1.414617561299938708e-01,1.364701944693180458e-01,1.308777938285594356e-01,1.248127983787403888e-01,1.184056385239840026e-01,1.117831109300445602e-01,1.050633028513457967e-01,9.835168219569430381e-02,9.173856843840573483e-02,8.529798311692893265e-02,7.908770549125351823e-02,7.315025625190836600e-02,6.751450045167610436e-02,6.219758327750029431e-02,5.720696602171271988e-02,5.254239422051745767e-02,4.819769126164082790e-02,4.416232131095812474e-02,4.042270277802580830e-02,3.696327849589210041e-02,3.376736358912665187e-02,3.081779928549597397e-02,2.809744310417406146e-02,2.558952486250081620e-02,2.327789520334216933e-02,2.114718982248131596e-02,1.918292888240995253e-02,1.737156759149230748e-02,1.570051078799681449e-02,1.415810166802298348e-02,1.273359253948340084e-02,1.141710363925897177e-02,1.019957456864276080e-02,9.072711729197888500e-03,8.028934224603084119e-03,7.061319986246818517e-03,6.163553339847643517e-03,5.329874822347567716e-03,4.555033754012852154e-03,3.834243846804908946e-03,3.163141968044340391e-03,2.537750063469101144e-03,1.954440164454035022e-03,1.409902351452940305e-03,9.011155127319346765e-04
4.536052310241480996e-04,9.231138884132604212e-04,1.425785179037346740e-03,1.964463578261225855e-03,2.542273611975105416e-03,3.162649847586954631e-03,3.829370125296799321e-03,4.546592323813701889e-03,5.318894956087865354e-03,6.151321880499541726e-03,7.049431386075481580e-03,8.019349859698592098e-03,9.067830159598479212e-03,1.020231469028203865e-02,1.143100298320044554e-02,1.276292331359811516e-02,1.420800749965085881e-02,1.577716749994984013e-02,1.748237170504558097e-02,1.933671785255343736e-02,2.135449821527343750e-02,2.355125103692104829e-02,2.594379002743704352e-02,2.855020097858517250e-02,3.138979112136489058e-02,3.448297264024680758e-02,3.785105675805482128e-02,4.151592908727554099e-02,4.549957077414559098e-02,4.982338391542150829e-02,5.450727485373173253e-02,5.956844698714959530e-02,6.501985829303802422e-02,7.086831154624355367e-02,7.711217186254139266e-02,8.373875178034903555e-02,9.072147264541904899e-02,9.801700296458759620e-02,1.055626824988991352e-01,1.132746462515017566e-01,1.210471321958592195e-01,1.287534471498928412e-01,1.362489360797176918e-01,1.433760366838054690e-01,1.499711387841851096e-01,1.558726000846900606e-01,1.609290221964830014e-01,1.650068655537460516e-01,1.679966978483795059e-01,1.698177425001331509e-01,1.704207687955935913e-01,1.697895983932876385e-01,1.679415230823310956e-01,1.649267652182539179e-01,1.608268745106777586e-01,1.557517833525806916e-01,1.498352505690219161e-01,1.432286446234168342e-01,1.360933851230715086e-01,1.285927319252470613e-01,1.208838303267619901e-01,1.131109007985207637e-01,1.054002190993191257e-01,9.785716816624884240e-02,9.056528264437330167e-02,8.358694392614385293e-02,7.696525410955698532e-02,7.072660719662104967e-02,6.488354487806556603e-02,5.943758908318087786e-02,5.438185117247945621e-02,4.970330927879960947e-02,4.538471368243114645e-02,4.140612558772481522e-02,3.774612126636505555e-02,3.438270628883696028e-02,3.129398812374519639e-02,2.845865341767471121e-02,2.585629140228005995e-02,2.346759883864895160e-02,2.127449574951805963e-02,1.926017548113807820e-02,1.740910764357992552e-02,1.570700827873987640e-02,1.414078817195100861e-02,1.269848747663706624e-02,1.136920266270078500e-02,1.014301012760469162e-02,9.010889531546443371e-03,7.964648953896789202e-03,6.996853249290490087e-03,6.100756452942780218e-03,5.270238701394452073e-03,4.499747861797595214e-03,3.784245872585759608e-03,3.119159669708272166e-03,2.500336489292793920e-03,1.924003287277175006e-03,1.386729989899980952e-03,8.853962789783622125e-04
4.443756587727977058e-04,9.046147124874661435e-04,1.397965874980850939e-03,1.927340095503037379e-03,2.495944676736870475e-03,3.107316581584178977e-03,3.765359635952490562e-03,4.474386050976959101e-03,5.239162714457467479e-03,6.064962720473130071e-03,6.957622613484031916e-03,7.923605812201894513e-03,8.970072640049675528e-03,1.010495731071106573e-02,1.133705208219803855e-02,1.267609857824503368e-02,1.413288595117228111e-02,1.571935508518210872e-02,1.744870736017860302e-02,1.933551554450282581e-02,2.139583307178879318e-02,2.364729617066450157e-02,2.610921091839253985e-02,2.880261411601751920e-02,3.175029274517487260e-02,3.497674146647065940e-02,3.850803097394440294e-02,4.237155191711217822e-02,4.659558959282213836e-02,5.120867406394151444e-02,5.623863971024247593e-02,6.171131929379514158e-02,6.764879361971934402e-02,7.406712384557158357e-02,8.097351672142819035e-02,8.836292288803790362e-02,9.621415489073302518e-02,1.044857420065401915e-01,1.131119111067307170e-01,1.219992755024844749e-01,1.310249780020222021e-01,1.400370920631531235e-01,1.488579463981187512e-01,1.572906463639539842e-01,1.651284535199585568e-01,1.721660133954347471e-01,1.782109434711309226e-01,1.830942346952366129e-01,1.866783379628502160e-01,1.888625313924620075e-01,1.895858777772385650e-01,1.888284895149522635e-01,1.866117892092285513e-01,1.829980586648538021e-01,1.780890276072380485e-01,1.720228423619111768e-01,1.649687019334694638e-01,1.571188355917078616e-01,1.486781983506836879e-01,1.398529853423705616e-01,1.308394922085699408e-01,1.218148002867171925e-01,1.129302957812414882e-01,1.043083656614377241e-01,9.604200272611024269e-02,8.819665987073288527e-02,8.081355382444967150e-02,7.391367493446202031e-02,6.750192275111896456e-02,6.157097910876897090e-02,5.610470201893774655e-02,5.108095383444916093e-02,4.647386351207860589e-02,4.225557256966472330e-02,3.839753753462898239e-02,3.487146765241962848e-02,3.164997263445593068e-02,2.870698632010963008e-02,2.601802149477558737e-02,2.356030057894193883e-02,2.131279740987884405e-02,1.925621724811666519e-02,1.737293550670544404e-02,1.564691041010660491e-02,1.406358065944247199e-02,1.260975601307559764e-02,1.127350629839958367e-02,1.004405258779000019e-02,8.911662961237135777e-03,7.867554328623651422e-03,6.903801107390387590e-03,6.013251077429972863e-03,5.189448411362781663e-03,4.426563664483592828e-03,3.719330374171897751e-03,3.062987840681354046e-03,2.453229623099281286e-03,1.886157273495459637e-03,1.358238839821679757e-03,8.662716874528180334e-04
4.334175966408577736e-04,8.825758834747953006e-04,1.364621881072524291e-03,1.882515095209130913e-03,2.439525896677382198e-03,3.039272020564716577e-03,3.685759632458492085e-03,4.383429526044640458e-03,5.137209072467363927e-03,5.952570596504624251e-03,6.835596904435931737e-03,7.793054727988768873e-03,8.832476869995432162e-03,9.962253828952140344e-03,1.119173562535811205e-02,1.253134442982541293e-02,1.399269836996862131e-02,1.558874652661811078e-02,1.733391456075186049e-02,1.924425956067351423e-02,2.133763145728011582e-02,2.363383658215979788e-02,2.615479645428608890e-02,2.892469144055668379e-02,3.197007425006816866e-02,3.531993194045549012e-02,3.900566684021382347e-02,4.306095612059582939e-02,4.752143636108988739e-02,5.242414326680885223e-02,5.780661818026840149e-02,6.370557368181684055e-02,7.015499366998972919e-02,7.718353494682930749e-02,8.481110762278352977e-02,9.304455571430925165e-02,1.018724569293265603e-01,1.112592327794539038e-01,1.211390194906847712e-01,1.314100834580892441e-01,1.419309091502518050e-01,1.525193113339833317e-01,1.629558412871213446e-01,1.729922015060399443e-01,1.823643422690768567e-01,1.908086494652224963e-01,1.980786616939336497e-01,2.039595939225719023e-01,2.082787628736240682e-01,2.109114535836828230e-01,2.117831554134547156e-01,2.108698234852209863e-01,2.081976586043979283e-01,2.038430223192009005e-01,1.979319499704561836e-01,1.906378168578808097e-01,1.821755036964178565e-01,1.727910966911226642e-01,1.627475298052335484e-01,1.523080269988209279e-01,1.417200388031050751e-01,1.312022266119362846e-01,1.209360901387552534e-01,1.110625752838936414e-01,1.016829587075885610e-01,9.286274784292797291e-02,8.463725000686982136e-02,7.701768588268831373e-02,6.999706521006883453e-02,6.355537483125021925e-02,5.766388805012449825e-02,5.228857614922074321e-02,4.739270042809989175e-02,4.293870716261843218e-02,3.888955819102595662e-02,3.520962150020233439e-02,3.186522932044343753e-02,2.882499192555866563e-02,2.605993685157924344e-02,2.354352708905324207e-02,2.125159843671601753e-02,1.916224555195505247e-02,1.725567797324806946e-02,1.551406111924738887e-02,1.392135259237949063e-02,1.246314068088165590e-02,1.112648946924750699e-02,9.899793197775180395e-03,8.772641273130156805e-03,7.735694482164459825e-03,6.780572393743654336e-03,5.899751568117204276e-03,5.086473971324942563e-03,4.334664869949343691e-03,3.638859427735186176e-03,2.994137217550024016e-03,2.396063883694716720e-03,1.840639229297258298e-03,1.324251053501626987e-03,8.436341179640129140e-04
4.206902970811643959e-04,8.569107646454245672e-04,1.325609333870023153e-03,1.829773830768128802e-03,2.372715203603768461e-03,2.958106998502010518e-03,3.590030069660510997e-03,4.273023237964516940e-03,5.012140701386788057e-03,5.813017096440444356e-03,6.681941210071217635e-03,7.625939442110133207e-03,8.652870213888044434e-03,9.771530599711038267e-03,1.099177651081800072e-02,1.232465776577805136e-02,1.378256930730669023e-02,1.537941963042874921e-02,1.713081710996421439e-02,1.905427427076149260e-02,2.116942901235753863e-02,2.349828021554670535e-02,2.606543279583220518e-02,2.889834382325490170e-02,3.202755639543641147e-02,3.548690100628764527e-02,3.931363453696375132e-02,4.354847391690316871e-02,4.823546408424143894e-02,5.342159728630174742e-02,5.915607251155201307e-02,6.548905035535639019e-02,7.246972224782140259e-02,8.014347967889132174e-02,8.854795089947814501e-02,9.770769081175877113e-02,1.076273975185340070e-01,1.182837306449743831e-01,1.296161679281872536e-01,1.415178778541055782e-01,1.538282513859968170e-01,1.663293303876159090e-01,1.787485342311553871e-01,1.907693922817274290e-01,2.020502306976025564e-01,2.122483160270637326e-01,2.210448866218038544e-01,2.281660382454146485e-01,2.333960605681302258e-01,2.365827820843946494e-01,2.376372374878969740e-01,2.365312629046296133e-01,2.332961119168974473e-01,2.280233380462639292e-01,2.208668456689954485e-01,2.120430994876653652e-01,2.018258784787542448e-01,1.905331808014195383e-01,1.785066205636443026e-01,1.660866404719605893e-01,1.535885364667935737e-01,1.412838622737205008e-01,1.293897298930895279e-01,1.180660801333848625e-01,1.074192336564859379e-01,9.750933270093931071e-02,8.835944214876291503e-02,7.996466967353707544e-02,7.230032804865639540e-02,6.532870304930962768e-02,5.900435138180566003e-02,5.327805460813015564e-02,4.809964280578072487e-02,4.341992000265335744e-02,3.919190534992110508e-02,3.537157078001999799e-02,3.191821959115403312e-02,2.879461696793636158e-02,2.596695524487802054e-02,2.340471416757998468e-02,2.108045901651948301e-02,1.896960640153391373e-02,1.705017793593577649e-02,1.530255506741258313e-02,1.370924341966781902e-02,1.225465156034493547e-02,1.092488675352470961e-02,9.707568674786903190e-03,8.591661037964021252e-03,7.567320440288518961e-03,6.625761357244934133e-03,5.759136024532115691e-03,4.960427871396898107e-03,4.223357174543378514e-03,3.542297655181658733e-03,2.912202823190456358e-03,2.328540968069882106e-03,1.787237797249571596e-03,1.284625822541165131e-03,8.173996914803726473e-04
4.061661653786643360e-04,8.275597270238592559e-04,1.280826699604510708e-03,1.768960799709935403e-03,2.295288403151679504e-03,2.863510681206270312e-03,3.477751614444051908e-03,4.142612751060100774e-03,4.863235703129249743e-03,5.645373516007246885e-03,6.495472203267177794e-03,7.420763911096382726e-03,8.429373359271567778e-03,9.530439395306226913e-03,1.073425368471454290e-02,1.205241872811618244e-02,1.349802752077052664e-02,1.508586721472433313e-02,1.683264905189439317e-02,1.875726652483212034e-02,2.088108306879178644e-02,2.322824941766502352e-02,2.582604881459872950e-02,2.870526519727714318e-02,3.190056477562477899e-02,3.545087439203266355e-02,3.939972975963820789e-02,4.379555186770836550e-02,4.869178893947272158e-02,5.414683242717648753e-02,6.022357659478431990e-02,6.698844059152313235e-02,7.450960934378250689e-02,8.285417852285806295e-02,9.208382027664936686e-02,1.022485451603091650e-01,1.133781688769552320e-01,1.254712774282033538e-01,1.384819274307538262e-01,1.523051255268919324e-01,1.667633220034607788e-01,1.815975078152688160e-01,1.964673942653872574e-01,2.109645826233030597e-01,2.246397587133663054e-01,2.370401114483662308e-01,2.477485482803708783e-01,2.564149174679038468e-01,2.627727974981028947e-01,2.666417074228791262e-01,2.679201564841326988e-01,2.665771301026402251e-01,2.626481675561846418e-01,2.562384372098622798e-01,2.475306854153483116e-01,2.367920491095792668e-01,2.243720932567155046e-01,2.106864815417350822e-01,1.961862310256438091e-01,1.813188601310098402e-01,1.664911803976427129e-01,1.520421838182076102e-01,1.382298746367432718e-01,1.252310528435682802e-01,1.131501689559088059e-01,1.020327841621956333e-01,9.188005160932628812e-02,8.266198459876264448e-02,7.432846702045771414e-02,6.681776806430164695e-02,6.006276640802948180e-02,5.399527422505184110e-02,4.854888471913954701e-02,4.366072581562670252e-02,3.927243422060405081e-02,3.533059311384232487e-02,3.178681426479253863e-02,2.859759479135000684e-02,2.572403990631858331e-02,2.313151414106518616e-02,2.078926266594809807e-02,1.867002954570041312e-02,1.674968949185181091e-02,1.500690266014543910e-02,1.342279734854026456e-02,1.198068238770544705e-02,1.066578907933814907e-02,9.465041370300023710e-03,8.366852300112571222e-03,7.360944449683106197e-03,6.438192028623729822e-03,5.590482284074819140e-03,4.810594039474498824e-03,4.092091339954777827e-03,3.429230367705994684e-03,2.816877980332923529e-03,2.250440408548790537e-03,1.725800821167314692e-03,1.239264622561095461e-03,7.875114895705939873e-04
3.898322167260158269e-04,7.944932142700690926e-04,1.230219779735740662e-03,1.699987092232321849e-03,2.207109352607048228e-03,2.755284161396532629e-03,3.348643368817449343e-03,3.991811415061398069e-03,4.689972344590820005e-03,5.448946869061758840e-03,6.275281072694766614e-03,7.176348603771441625e-03,8.160468477987294425e-03,9.237040933559034078e-03,1.041670412138527221e-02,1.171151477871552535e-02,1.313515640689982833e-02,1.470317882669358242e-02,1.643327327467370910e-02,1.834558736161843659e-02,2.046308412878458313e-02,2.281194894287519662e-02,2.542204681087165130e-02,2.832743049163296764e-02,3.156689596996706954e-02,3.518457561826122959e-02,3.923054951229099779e-02,4.376144020022532805e-02,4.884093338893955027e-02,5.454013331776424306e-02,6.093761291346135728e-02,6.811895024910936958e-02,7.617544941395926195e-02,8.520162274575865391e-02,9.529086638882013072e-02,1.065286125124618316e-01,1.189821424543490019e-01,1.326863065635114636e-01,1.476248131886304937e-01,1.637077969511176179e-01,1.807483133817117116e-01,1.984431769429292336e-01,2.163662751136041507e-01,2.339830461694761277e-01,2.506905624786764930e-01,2.658779942102189597e-01,2.789914118033411383e-01,2.895828213591601363e-01,2.973305348631076761e-01,3.020320227030353077e-01,3.035817958242374437e-01,3.019499780533907995e-01,2.971732240918981138e-01,2.893623314723684503e-01,2.787227507591822362e-01,2.655765961967114785e-01,2.503703646622294499e-01,2.336554378253074549e-01,2.160398422883842151e-01,1.981239613365509689e-01,1.804402925859189266e-01,1.634133875885130649e-01,1.473453036608318445e-01,1.324221956265133893e-01,1.187333917343103978e-01,1.062948301801649870e-01,9.507143868493657390e-02,8.499580687828062198e-02,7.598243815278483970e-02,6.793791595721751508e-02,6.076773677612010843e-02,5.438062403309634057e-02,4.869103845023417532e-02,4.362045204732650783e-02,3.909780819229882742e-02,3.505946912481836680e-02,3.144885908592515850e-02,2.821594271045500119e-02,2.531662973316083434e-02,2.271216341709535874e-02,2.036852731536889852e-02,1.825588983673603199e-02,1.634809624623639879e-02,1.462221150515418365e-02,1.305811355300273702e-02,1.163813443673754333e-02,1.034674553750662696e-02,9.170282653382745564e-03,8.096706613857146059e-03,7.115395260704848387e-03,6.216962920942229950e-03,5.393103851177108617e-03,4.636456505201365721e-03,3.940485842095764295e-03,3.299381235665966444e-03,2.707967860266945279e-03,2.161629710145409038e-03,1.656242659272104617e-03,1.188116187796853284e-03,7.539425921416711583e-04
3.716913972811301966e-04,7.577145309221059106e-04,1.173786290987181413e-03,1.622837159633048988e-03,2.108139402580802221e-03,2.633353166636456973e-03,3.202579569731675135e-03,3.820421944935412963e-03,4.492056604628232377e-03,5.223314732294490406e-03,6.020777293105537831e-03,6.891885187110292042e-03,7.845067257204589931e-03,8.889889214781763332e-03,1.003722706483578878e-02,1.129946920283611891e-02,1.269075201708064898e-02,1.422723455378380186e-02,1.592741856590510277e-02,1.781252102691628647e-02,1.990690686866330647e-02,2.223859016443495776e-02,2.483981200467936384e-02,2.774770255137186045e-02,3.100503265284641069e-02,3.466105609099366658e-02,3.877243569073642732e-02,4.340423313189088750e-02,4.863092034089574328e-02,5.453733533700408365e-02,6.121945091495033242e-02,6.878474157460300054e-02,7.735181085070877427e-02,8.704876381294107679e-02,9.800956578338314296e-02,1.103673179548128186e-01,1.242430390030247606e-01,1.397282875285644488e-01,1.568600736419717701e-01,1.755875228845754088e-01,1.957324575722855231e-01,2.169511116345476109e-01,2.387109708928757124e-01,2.603014806312808349e-01,2.808928496645100026e-01,2.996380717897542678e-01,3.157867846010138924e-01,3.287670434004940079e-01,3.382076081388015187e-01,3.439068206534154348e-01,3.457777405962215167e-01,3.438011358124202221e-01,3.380066301614629842e-01,3.284889397892173935e-01,3.154533712311494709e-01,2.992707405612605176e-01,2.805097603644208237e-01,2.599164021082470133e-01,2.383334224539375712e-01,2.165871611089553450e-01,1.953856454639275875e-01,1.752596456026298266e-01,1.565517632178788920e-01,1.394394171526482096e-01,1.239730021256057885e-01,1.101152199701148221e-01,9.777435520760079102e-02,8.682932101225124266e-02,7.714700675937902208e-02,6.859347525036040005e-02,6.104067232757577621e-02,5.437005801767798296e-02,4.847422721133600593e-02,4.325727786301358790e-02,3.863444123016249870e-02,3.453131148560329572e-02,3.088288892736858193e-02,2.763256814756335361e-02,2.473114810782107639e-02,2.213590612200986435e-02,1.980975582357350287e-02,1.772049583248647836e-02,1.584014801371259190e-02,1.414437992208214534e-02,1.261200393308751187e-02,1.122454480355673974e-02,9.965867436411810984e-03,8.821857088235754429e-03,7.780144937971104555e-03,6.829872696281922596e-03,5.961490699459313231e-03,5.166584655623512184e-03,4.437726872504895934e-03,3.768348386660551157e-03,3.152628932807369742e-03,2.585402142597221890e-03,2.062073750406298936e-03,1.578550916236096287e-03,1.131181059422226021e-03,7.166988379954174031e-04
3.517637224659063812e-04,7.172622553307220379e-04,1.111579857722128908e-03,1.537574762911499485e-03,1.998445767924445123e-03,2.497779429540496372e-03,3.039604673334513150e-03,3.628456105228966555e-03,4.269447557528432274e-03,4.968357691745656050e-03,5.731729828118719075e-03,6.566988587617750631e-03,7.482576429272167623e-03,8.488113758434171624e-03,9.594586986368973044e-03,1.081456975565145244e-02,1.216248352651603040e-02,1.365490486157545924e-02,1.531092805910975324e-02,1.715259326461700262e-02,1.920539180893991033e-02,2.149886220959591754e-02,2.406729188927686502e-02,2.695054095271345179e-02,3.019500486709422726e-02,3.385473184469162122e-02,3.799270685753559917e-02,4.268230544723338599e-02,4.800890348163666665e-02,5.407159841790170479e-02,6.098494505572960023e-02,6.888052119091572778e-02,7.790799635561099223e-02,8.823515151982175286e-02,1.000459512009174157e-01,1.135352591041186021e-01,1.288980878894951110e-01,1.463104341340667469e-01,1.658980427412101999e-01,1.876896364542789963e-01,2.115538593999324590e-01,2.371269250481673474e-01,2.637524622263571761e-01,2.904720428313714020e-01,3.161073680612050407e-01,3.394397849407037593e-01,3.594248522285193315e-01,3.753386217431837202e-01,3.867933480392821144e-01,3.936473576094599025e-01,3.958823228538024264e-01,3.935094060506902913e-01,3.865337235188288645e-01,3.749851361023633922e-01,3.590095822827478189e-01,3.389923443866584840e-01,3.156509055552325083e-01,2.900223609744935205e-01,2.633191951744968118e-01,2.367153573183804760e-01,2.111664906287172572e-01,1.873272488625453147e-01,1.655603661816762717e-01,1.459965603030331516e-01,1.286067385192845025e-01,1.132649649940324355e-01,9.979517204831961363e-02,8.800235425814897927e-02,7.769170405608355479e-02,6.867934137691644736e-02,6.079758399555349607e-02,5.389686617728144807e-02,4.784571312562528600e-02,4.252966872977020918e-02,3.784972797009215212e-02,3.372060025235659730e-02,3.006898788528770267e-02,2.683197646385629409e-02,2.395558143017273781e-02,2.139346455047073589e-02,1.910581707509462907e-02,1.705839760828502943e-02,1.522170886331691494e-02,1.357029644344610701e-02,1.208215330044060815e-02,1.073821481429496245e-02,9.521931057854706240e-03,8.418904500007944394e-03,7.416583020582087279e-03,6.503999589953774092e-03,5.671551279248379131e-03,4.910811409180660878e-03,4.214369626062365939e-03,3.575695527349592642e-03,2.989022163617104273e-03,2.449246336371894289e-03,1.951843107903054961e-03,1.492792355033969185e-03,1.068515546023452497e-03,6.758212100120607538e-04
3.300871863030632129e-04,6.732121794216311622e-04,1.043713254898998109e-03,1.444347860682042902e-03,1.878208489049501984e-03,2.348770259972928192e-03,2.859946212802637420e-03,3.416151701328325359e-03,4.022379563823077174e-03,4.684288075018932899e-03,5.408304094103704926e-03,6.201744317660621252e-03,7.072958148307285572e-03,8.031496421973642608e-03,9.088311127285024493e-03,1.025599233257022680e-02,1.154904984827326980e-02,1.298424873895947552e-02,1.458100970764356075e-02,1.636188765469153913e-02,1.835314440734140198e-02,2.058543474939949006e-02,2.309462843939637938e-02,2.592279479614049628e-02,2.911938041413754744e-02,3.274261414864531455e-02,3.686117572831762446e-02,4.155616347867484295e-02,4.692338960653397173e-02,5.307601298216883118e-02,6.014748024020924455e-02,6.829467083028464836e-02,7.770100444544043861e-02,8.857902727641057961e-02,1.011715782637025857e-01,1.157499438655747587e-01,1.326062983187743238e-01,1.520360525473432034e-01,1.743035072508817562e-01,1.995820398415009966e-01,2.278602251831282066e-01,2.588134055996347271e-01,2.916655179645002427e-01,3.251124893528067883e-01,3.574173172380191166e-01,3.867370724019079664e-01,4.115615764111127950e-01,4.309972301598420374e-01,4.447415658387325332e-01,4.528465590962750809e-01,4.554615407330390719e-01,4.526645063149170034e-01,4.444033842306200910e-01,4.305461119734698139e-01,4.110450543224509201e-01,3.861957664259550449e-01,3.568794372759788169e-01,3.245943275704647468e-01,2.911750529051790326e-01,2.583538956284838761e-01,2.274324759797676232e-01,1.991855377996591958e-01,1.739369695018280204e-01,1.516977413392488483e-01,1.322942352780055730e-01,1.154620636413259405e-01,1.009058345610079899e-01,8.833346063249936098e-02,7.747378111018994595e-02,6.808410128894212821e-02,5.995202428403888922e-02,5.289427644149818919e-02,4.675411630355193887e-02,4.139822475778043992e-02,3.671355906191729745e-02,3.260441172842623581e-02,2.898977824964292169e-02,2.580106259342769548e-02,2.298011037725838229e-02,2.047754117695422399e-02,1.825134443282718302e-02,1.626570256645239188e-02,1.449000715498709353e-02,1.289803759664880263e-02,1.146727568993595285e-02,1.017833344279400580e-02,9.014474988089066915e-03,7.961216615767409410e-03,7.005991625834064734e-03,6.137868985468819712e-03,5.347316681645555500e-03,4.626002246484289294e-03,3.966624244270245715e-03,3.362769590599514434e-03,2.808792464149241237e-03,2.299711303312893321e-03,1.831120981383972017e-03,1.399117748458141020e-03,1.000234935063453335e-03,6.313877476052359283e-04
3.067183980187329758e-04,6.256786822420833116e-04,9.703607468740203931e-04,1.343392204344841939e-03,1.747725654569680029e-03,2.186685868274774840e-03,2.664024825522602179e-03,3.183986080507789865e-03,3.751380228350280864e-03,4.371673622882176792e-03,5.051092952807338318e-03,5.796748847737389840e-03,6.616782381270852435e-03,7.520539197719802033e-03,8.518777052518449605e-03,9.623913873802255811e-03,1.085032508608157337e-02,1.221470096254331263e-02,1.373647728302836157e-02,1.543835568126330701e-02,1.734693389746001443e-02,1.949347085727188428e-02,2.191481722937121263e-02,2.465454901309981420e-02,2.776434986182146555e-02,3.130569720808306505e-02,3.535191748627865282e-02,3.999068593980096425e-02,4.532705466013787349e-02,5.148709461940230436e-02,5.862222577808813562e-02,6.691426928248106476e-02,7.658116019576105549e-02,8.788305822337923179e-02,1.011281965291521839e-01,1.166770518600530604e-01,1.349420195226133934e-01,1.563772748913246358e-01,1.814492667827309891e-01,2.105718415934333398e-01,2.439825037486308135e-01,2.815351184562714937e-01,3.224122642262892136e-01,3.648586949540409408e-01,4.062048575402549266e-01,4.434682963349290130e-01,4.743435483121908325e-01,4.978098494319171952e-01,5.139248031003755823e-01,5.232116605229442108e-01,5.261595282457807166e-01,5.229701714847783123e-01,5.134832429341332771e-01,4.972356752842960192e-01,4.737074746519546187e-01,4.428250134867438015e-01,4.055856025066608139e-01,3.642760263282810440e-01,3.218692387550598499e-01,2.810315716708846057e-01,2.435173512772758619e-01,2.101434924778857183e-01,1.810556696881798766e-01,1.560160295676919773e-01,1.346105431565015331e-01,1.163727341869840726e-01,1.008485131188995992e-01,8.762563995989708365e-02,7.634382829853071650e-02,6.669504681208587860e-02,5.841933459899011083e-02,5.129894419293451469e-02,4.515222684015557375e-02,3.982791834604576531e-02,3.520008695800679738e-02,3.116380415464590353e-02,2.763150390419652491e-02,2.452995605887398414e-02,2.179776798022908801e-02,1.938333067118764436e-02,1.724313389105318339e-02,1.534038494456585987e-02,1.364387607898517700e-02,1.212705479070719586e-02,1.076725950045196237e-02,9.545089956426805466e-03,8.443887456110949971e-03,7.449304681502212644e-03,6.548948774218995954e-03,5.732084382295336150e-03,4.989385919942403332e-03,4.312730306147038138e-03,3.695023080494691612e-03,3.130052111242268356e-03,2.612364173381768410e-03,2.137160533253425285e-03,1.700208371396060968e-03,1.297765438988858488e-03,9.265158012296809522e-04,5.835148939305875773e-04
2.817329065864974209e-04,5.748154533680128412e-04,8.917593815282070287e-04,1.235033428080159826e-03,1.607416581354157055e-03,2.012044019086981286e-03,2.452460880572394572e-03,2.932685383907400641e-03,3.457283123954863965e-03,4.031454787797143779e-03,4.661140021738586006e-03,5.353140802218015262e-03,6.115268434055933650e-03,6.956519263833369632e-03,7.887285405757516951e-03,8.919608298551125539e-03,1.006748482982439998e-02,1.134723818804631024e-02,1.277796867098232765e-02,1.438210357092409471e-02,1.618607019639438024e-02,1.822112236038501282e-02,2.052435861786984853e-02,2.313998059726204981e-02,2.612085244319428678e-02,2.953043822653101183e-02,3.344521372629828682e-02,3.795767262892040667e-02,4.318007481323041935e-02,4.924911471505157012e-02,5.633171696376730597e-02,6.463218539736483026e-02,7.440092008788759537e-02,8.594483268462135839e-02,9.963934508624563979e-02,1.159412687814571907e-01,1.354005611260517550e-01,1.586661913030696092e-01,1.864756590190821406e-01,2.196064602944757249e-01,2.587472802682853068e-01,3.042164023623185054e-01,3.554394970686706179e-01,4.102150435424756769e-01,4.642847164021827733e-01,5.123488400815320309e-01,5.505952457734398786e-01,5.781833765685112647e-01,5.962506356184552603e-01,6.063101368461998320e-01,6.094285178520324475e-01,6.059925145522359058e-01,5.956795562651656661e-01,5.774627018316792482e-01,5.498308820042238088e-01,5.116130636019075029e-01,4.636040236661165270e-01,4.095877954831903534e-01,3.548587780559163130e-01,3.036786142113996334e-01,2.582510689329149955e-01,2.191505761579536360e-01,1.860581539693619280e-01,1.582844718860399735e-01,1.350516833781683079e-01,1.156222068533633990e-01,9.934717046500478321e-02,8.567681364109909492e-02,7.415456596640851439e-02,6.440525716837892933e-02,5.612221895179312497e-02,4.905527690159988685e-02,4.300033128738112859e-02,3.779063932064739839e-02,3.328966707819242671e-02,2.938529559188454710e-02,2.598515450564629209e-02,2.301287583834954464e-02,2.040508972101421487e-02,1.810901437715316253e-02,1.608052028012423723e-02,1.428257208453942613e-02,1.268397148878848933e-02,1.125834002910208569e-02,9.983293479591995312e-03,8.839769594070489775e-03,7.811478876667613674e-03,6.884454336810184698e-03,6.046681121590771237e-03,5.287790808210415805e-03,4.598808206288347751e-03,3.971940942037922688e-03,3.400404012966681648e-03,2.878273021854055660e-03,2.400361007391612657e-03,1.962114752456061047e-03,1.559527221382803804e-03,1.189063395348538164e-03,8.475972717797975158e-04,5.323581944578492653e-04
2.552251803776546903e-04,5.208154957358464635e-04,8.082091207535320107e-04,1.119687452026233571e-03,1.457822689336425509e-03,1.825521648276412457e-03,2.226077203173893425e-03,2.663228869863009871e-03,3.141234372222995608e-03,3.664954452683141621e-03,4.239953706991131735e-03,4.872620875729325243e-03,5.570312845910935923e-03,6.341527652966231013e-03,7.196113088358178922e-03,8.145519191704531092e-03,9.203105044429950657e-03,1.038451302360189968e-02,1.170812720268190471e-02,1.319563714175475862e-02,1.487273421199077593e-02,1.676997526843047523e-02,1.892385847683870567e-02,2.137816914492705195e-02,2.418567046215383542e-02,2.741023635678933174e-02,3.112955282114391459e-02,3.543855201544875155e-02,4.045379260022969464e-02,4.631906264928621619e-02,5.321256043397325219e-02,6.135610392092048088e-02,7.102692751488352829e-02,8.257272699022623341e-02,9.643066186088507241e-02,1.131508948574028728e-01,1.334246380295001921e-01,1.581148509861021734e-01,1.882829180164408978e-01,2.251924734079126800e-01,2.702415518652193649e-01,3.247027762568213682e-01,3.890013043251655533e-01,4.610962189553814983e-01,5.342060787582070258e-01,5.975944815606006877e-01,6.441198600385421580e-01,6.746314237150099480e-01,6.931992068334861257e-01,7.030634233080742534e-01,7.060374226977268464e-01,7.026636767115511661e-01,6.924861041021137531e-01,6.737536292143742056e-01,6.432434119164491815e-01,5.968196757541215369e-01,5.335287554200801585e-01,4.604732328042102085e-01,3.884118182940871633e-01,3.241467564941009072e-01,2.697235787183570599e-01,2.247150406585416982e-01,1.878457799317828081e-01,1.577159488011963817e-01,1.330610119679534742e-01,1.128192836843796704e-01,9.612783941965039047e-02,8.229566973322718915e-02,7.077288439447007584e-02,6.112261343178025663e-02,5.299744084600416238e-02,4.612038994536266090e-02,4.026987394486736260e-02,3.526789880963912549e-02,3.097085531345123571e-02,2.726234064935858722e-02,2.404755815221860243e-02,2.124893953988915216e-02,1.880271318037645550e-02,1.665620488158736992e-02,1.476570688511905788e-02,1.309478872746827095e-02,1.161295278400124691e-02,1.029455961851680895e-02,9.117965314706424559e-03,8.064826008294214907e-03,7.119534827583285166e-03,6.268764116636572382e-03,5.501091714824264504e-03,4.806694619872224974e-03,4.177096887493196922e-03,3.604961360477283716e-03,3.083916956701866080e-03,2.608414917837734940e-03,2.173608734346489484e-03,1.775253498410534923e-03,1.409621256504009230e-03,1.073429584847468941e-03,7.637811305408325358e-04,4.781122769879399552e-04
2.273082175205856767e-04,4.639103551388644919e-04,7.200717169889444234e-04,9.978590586811816876e-04,1.299605865507891169e-03,1.627953150698271696e-03,1.985897489254339222e-03,2.376847750142795177e-03,2.804692322083797689e-03,3.273879044608167359e-03,3.789510579770497076e-03,4.357458621283997156e-03,4.984501176621919903e-03,5.678488226019875323e-03,6.448542429207952849e-03,7.305303307411679416e-03,8.261225596235445209e-03,9.330945406985631171e-03,1.053173166799488934e-02,1.188404533776295582e-02,1.341223548649646963e-02,1.514541007314557097e-02,1.711853083947580470e-02,1.937379721113921191e-02,2.196240482408226211e-02,2.494679218894461231e-02,2.840352669128420188e-02,3.242703221780401240e-02,3.713443017412146330e-02,4.267186033882586216e-02,4.922277715599199938e-02,5.701889311126718402e-02,6.635467982085613281e-02,7.760665867795160655e-02,9.125913523671730365e-02,1.079385599253613048e-01,1.284592801952920138e-01,1.538838456422394474e-01,1.856004034691864368e-01,2.254153242130911006e-01,2.756416414133311399e-01,3.390985098449895707e-01,4.186853603290946468e-01,5.152372897014462216e-01,6.200981404910632655e-01,7.072020915523040685e-01,7.600610771366729246e-01,7.889071314444257021e-01,8.049115979006998822e-01,8.129247405158613882e-01,8.154386857155013768e-01,8.125076815939140662e-01,8.041168051631871760e-01,7.878798060844696138e-01,7.591244234550550418e-01,7.065538020323325341e-01,6.195935972920274537e-01,5.147109300308613244e-01,4.181275776639558073e-01,3.385427590087447536e-01,2.751119696995803499e-01,2.249229330273480598e-01,1.851485211246295948e-01,1.534716290310536302e-01,1.280840608630303690e-01,1.075970113154452040e-01,9.094784583911855180e-02,7.732239571402159395e-02,6.609449589118322754e-02,5.678015506752392277e-02,4.900315798889019053e-02,4.246931492637429084e-02,3.694716540305683500e-02,3.225347663204924248e-02,2.824230204429590413e-02,2.479668784925446665e-02,2.182235526466644315e-02,1.924286246747555773e-02,1.699587967051563106e-02,1.503030550930727766e-02,1.330402244868404346e-02,1.178214003446832921e-02,1.043561250964942372e-02,9.240145210666374925e-03,8.175324886108798622e-03,7.223924545401619324e-03,6.371345035838932996e-03,5.605164273259220960e-03,4.914771653127672675e-03,4.291070186137637549e-03,3.726232733939341922e-03,3.213501660415537045e-03,2.747023480202284099e-03,2.321711841359063323e-03,1.933133544731665448e-03,1.577413369895008018e-03,1.251154315471694756e-03,9.513705222759627055e-04,6.754306708451301815e-04,4.210100608481312035e-04
1.981127727438160280e-04,4.043685450470499757e-04,6.277682805469527588e-04,8.701385541489591513e-04,1.133544183153517093e-03,1.420325142466666128e-03,1.733140128644194890e-03,2.075018141653405673e-03,2.449419771083182970e-03,2.860310273682490755e-03,3.312247035096095235e-03,3.810484651400452075e-03,4.361101686304640762e-03,4.971154211755498750e-03,5.648862595264546142e-03,6.403839753152884388e-03,7.247371375204223441e-03,8.192761619134070195e-03,9.255761712757035187e-03,1.045510411626319330e-02,1.181317183885518748e-02,1.335684179926660033e-02,1.511855364005370433e-02,1.713767237140513197e-02,1.946223634982071488e-02,2.215121382360456942e-02,2.527743506680786220e-02,2.893142794438119392e-02,3.322646977440046889e-02,3.830528800920901533e-02,4.434901186683851138e-02,5.158921939104449406e-02,6.032427395461954084e-02,7.094165424279488819e-02,8.394873732474406047e-02,1.000156371510849962e-01,1.200354799548340456e-01,1.452103849407799241e-01,1.771763871580582794e-01,2.181898059636715737e-01,2.714165419149551783e-01,3.414068482581457675e-01,4.349075157761728150e-01,5.619037282246970300e-01,7.294644513170558398e-01,8.601945696910026085e-01,9.030592326015338678e-01,9.186531625959506453e-01,9.284784692451222288e-01,9.320468865240991718e-01,9.351403977722608785e-01,9.321580533189637308e-01,9.280516177762928587e-01,9.174433460018526221e-01,9.021089267054583916e-01,8.602447017888708025e-01,7.296085635960702920e-01,5.615885446084197818e-01,4.344099568565237268e-01,3.408623687054113116e-01,2.708822859478965395e-01,2.176882387614901271e-01,1.767146698288482587e-01,1.447890090781071837e-01,1.196521576768411477e-01,9.966707070618094355e-02,8.363142174637760995e-02,7.065223006935994476e-02,6.005966786448840161e-02,5.134668495757287870e-02,4.412612442514271538e-02,3.809991991236438141e-02,3.303675881745555404e-02,2.875574504689460548e-02,2.511435396033832174e-02,2.199948381977796796e-02,1.932075844342182047e-02,1.700547854648074703e-02,1.499478908278677886e-02,1.324074966924489172e-02,1.170408025284486175e-02,1.035241502574152719e-02,9.158941392806123002e-03,8.101332524097970902e-03,7.160905152099780215e-03,6.321951235681355641e-03,5.571204628983107525e-03,4.897413184661812517e-03,4.290993659132781232e-03,3.743751998774547465e-03,3.248655522794961868e-03,2.799646509056745794e-03,2.391488973509370546e-03,2.019642188129723483e-03,1.680155836502293231e-03,1.369582756922499336e-03,1.084906042237913969e-03,8.234779076033459707e-04,5.829682426721883399e-04,3.613211643615338829e-04
1.677861980431752387e-04,3.424931598557788169e-04,5.317755227458067753e-04,7.371964856129551965e-04,9.605249261934885839e-04,1.203767614924053635e-03,1.469207305731804825e-03,1.759447932042384815e-03,2.077468426519229507e-03,2.426687049945108667e-03,2.811038580668280898e-03,3.235067310812865787e-03,3.704039558389212155e-03,4.224080388157216287e-03,4.802340509282711917e-03,5.447200979990780498e-03,6.168525528358234991e-03,6.977973171566599631e-03,7.889387627486374802e-03,8.919285100318067108e-03,1.008746885692557438e-02,1.141780825243637019e-02,1.293923244390120068e-02,1.468700627191297202e-02,1.670437958285462751e-02,1.904473432979501835e-02,2.177440006985890270e-02,2.497637372056262309e-02,2.875527209784205229e-02,3.324397835612077912e-02,3.861263472407355096e-02,4.508091228146630242e-02,5.293489778254178990e-02,6.255054714200738997e-02,7.442657960739798573e-02,8.923112572634438189e-02,1.078687745012528731e-01,1.315786862591559470e-01,1.620820382460756992e-01,2.018133774474751840e-01,2.543114059631996771e-01,3.249674836738845607e-01,4.227796356620135421e-01,5.659424602634517409e-01,8.143988398943522444e-01,9.999776030019856821e-01,1.004357440864883211e+00,9.997356354192830086e-01,1.005251366845389738e+00,1.002470208004124119e+00,1.009312531604215080e+00,1.004521570740020353e+00,1.006146131588449455e+00,9.983699511673500560e-01,1.003488745393742221e+00,1.001645727128195773e+00,8.157842617470401070e-01,5.657793789319349731e-01,4.223143973286027641e-01,3.244279490957734935e-01,2.537743543689606751e-01,2.013068934513463359e-01,1.616151022289482875e-01,1.311523983174436581e-01,1.074810312353994129e-01,8.887865734095780346e-02,7.410585115277786017e-02,6.225814977212042883e-02,5.266770499765836833e-02,4.483612699439320365e-02,3.838778648392357495e-02,3.303689922708352711e-02,2.856406494393226927e-02,2.479937943227807431e-02,2.161016668890842346e-02,1.889198924673870031e-02,1.656200510733988468e-02,1.455401846168201396e-02,1.281476290090031132e-02,1.130108853553738260e-02,9.977817160227381646e-03,8.816094872043843400e-03,7.792117840747718287e-03,6.886139996468156575e-03,6.081695191119522795e-03,5.364983627296148437e-03,4.724384924442334190e-03,4.150069429961164048e-03,3.633686214116580923e-03,3.168111272168219750e-03,2.747243265918161963e-03,2.365837007647116855e-03,2.019367066356802642e-03,1.703915536729559092e-03,1.416079285014075701e-03,1.152892968609059909e-03,9.117648880946210843e-04,6.904233244427847175e-04,4.868714794890256813e-04,2.993495040943498905e-04
1.364909070206780093e-04,2.786186961820633404e-04,4.326207037668170548e-04,5.997764519828296340e-04,7.815349611067002635e-04,9.795415239960397064e-04,1.195669415458200944e-03,1.432057580313334313e-03,1.691155594063677983e-03,1.975777507274424465e-03,2.289166589079761997e-03,2.635073503204314951e-03,3.017851116996311724e-03,3.442570007837961882e-03,3.915159856296809154e-03,4.442583389019968965e-03,5.033051476377448097e-03,5.696290565085753051e-03,6.443877062970527862e-03,7.289657910431880661e-03,8.250282818804259913e-03,9.345882162807695945e-03,1.060093618405246775e-02,1.204539728689465669e-02,1.371614965024413844e-02,1.565892184387530223e-02,1.793081257411255694e-02,2.060365288703190634e-02,2.376851867279526978e-02,2.754183778873044164e-02,3.207372531783105746e-02,3.755945630211830061e-02,4.425538926772463327e-02,5.250124796580294545e-02,6.275154614412262188e-02,7.562024369133439616e-02,9.194468190139501451e-02,1.128778666449945373e-01,1.400230775804464645e-01,1.756335417301644330e-01,2.229176230198638975e-01,2.865288783199115841e-01,3.733871859097190882e-01,4.937162377854131812e-01,6.548667981637782409e-01,7.797317309373148486e-01,8.175298250567504255e-01,8.290463489292770882e-01,8.359034112143783890e-01,8.376743682419062198e-01,8.401658301024514941e-01,8.377829008174169090e-01,8.354718199049057104e-01,8.278304867829812119e-01,8.165729009645256165e-01,7.797751243056812998e-01,6.550042129057715989e-01,4.933943958110869055e-01,3.728829814784222485e-01,2.859777905802439735e-01,2.223768775987365331e-01,1.751257127165080085e-01,1.395554298459543152e-01,1.124509699608545327e-01,9.155629423349902207e-02,7.526708325770517516e-02,6.243010071390673460e-02,5.220813499255030909e-02,4.398750297665991738e-02,3.731401335902045924e-02,3.184826310184069725e-02,2.733419182002248121e-02,2.357679229401890564e-02,2.042618557209411462e-02,1.776614983064642855e-02,1.550578794365839799e-02,1.357342355063540472e-02,1.191209168256293464e-02,1.047617943768223113e-02,9.228902793439380803e-03,8.140396217187068073e-03,7.186254970396748626e-03,6.346414449529216677e-03,5.604282374996997357e-03,4.946062080955389295e-03,4.360221280026221891e-03,3.837072343145491587e-03,3.368438637989249178e-03,2.947387711565707495e-03,2.568016716848106704e-03,2.225278917541894264e-03,1.914842677991407524e-03,1.632976285280721748e-03,1.376453422580969487e-03,1.142475236423888063e-03,9.286058033079174628e-04,7.327184671981831765e-04,5.529510366667464471e-04,3.876682340688953178e-04,2.354301057957727372e-04
1.044024856459558714e-04,2.131071292416164369e-04,3.308753597351034195e-04,4.586861130572145021e-04,5.976485960781732516e-04,7.490229921903729512e-04,9.142450123511408882e-04,1.094955112348992409e-03,1.293033395744071917e-03,1.510641474581722946e-03,1.750272882877421110e-03,2.014814052733060294e-03,2.307618398876202896e-03,2.632596753674281472e-03,2.994328304544769705e-03,3.398197381930732636e-03,3.850563028680429982e-03,4.358970389210451400e-03,4.932415782152410437e-03,5.581681133916350027e-03,6.319758635042750997e-03,7.162393580088578272e-03,8.128783143639368297e-03,9.242482451807572039e-03,1.053258835681243621e-02,1.203529818248877566e-02,1.379597885020003578e-02,1.587193630803688735e-02,1.833615354064060954e-02,2.128237855121174402e-02,2.483210738670386594e-02,2.914424395077083729e-02,3.442855865283115518e-02,4.096455064634817178e-02,4.912798450475758250e-02,5.942824226683839084e-02,7.256063927045938722e-02,8.947866140931831636e-02,1.114905935506742829e-01,1.403799286318963835e-01,1.785290442323262949e-01,2.289554517864553218e-01,2.949115707918579243e-01,3.777365647368046142e-01,4.693821886736250781e-01,5.444068603529598205e-01,5.868642960182459678e-01,6.073772973158952926e-01,6.173443006800224397e-01,6.217155008037842379e-01,6.230122279700457399e-01,6.212932290095494192e-01,6.165403412216529100e-01,6.063386717948460181e-01,5.859157145352283935e-01,5.437467300090532696e-01,4.688659145760086799e-01,3.771983301671973932e-01,2.943416015583047995e-01,2.283872583766920761e-01,1.779869067966524665e-01,1.398753479841496616e-01,1.110270721062933535e-01,8.905555771649396879e-02,7.217540405628210254e-02,5.907759637009930148e-02,4.880851019791526690e-02,4.067297341164478192e-02,3.416186864534851569e-02,2.889973571684131479e-02,2.460737906690009524e-02,2.107531220214001536e-02,1.814488786869456610e-02,1.569483760782944617e-02,1.363161300004002950e-02,1.188240497959055716e-02,1.039005864663876746e-02,9.109338081142765928e-03,8.004159561837311324e-03,7.045524826413850604e-03,6.209964426263180244e-03,5.478355774391445790e-03,4.835018641572486932e-03,4.267017721645484374e-03,3.763620935839777706e-03,3.315875751106063876e-03,2.916275576553177019e-03,2.558495397913174672e-03,2.237180991402465402e-03,1.947779869323755953e-03,1.686404932627944345e-03,1.449723911072871860e-03,1.234869252468897985e-03,1.039364317210476289e-03,8.610626428655566902e-04,6.980977387672026397e-04,5.488414055729969520e-04,4.118689888583039645e-04,2.859302980724544091e-04,1.699251743033232094e-04
7.170748488019747235e-05,1.463433183487169130e-04,2.271479285700126285e-04,3.147865704088048840e-04,4.100131638529561388e-04,5.136844342966082619e-04,6.267766914359038707e-04,7.504058132882997657e-04,8.858511399455554691e-04,1.034584157577155819e-03,1.198303078431921286e-03,1.378974712528487209e-03,1.578885402064337910e-03,1.800703278283663977e-03,2.047554740704899366e-03,2.323118902388892227e-03,2.631744864281425605e-03,2.978598176505405180e-03,3.369844854516156497e-03,3.812884039974433377e-03,4.316644108921972693e-03,4.891962131463973087e-03,5.552073649684789725e-03,6.313249590885165394e-03,7.195630973342780241e-03,8.224331645956655876e-03,9.430907198064986813e-03,1.085532813532079713e-02,1.254865290519993105e-02,1.457667922585650228e-02,1.702497143356894449e-02,2.000583188183820485e-02,2.366802328589949836e-02,2.821037149546792855e-02,3.390078031892335142e-02,4.110260003307866783e-02,5.031044393915487523e-02,6.219666855103793413e-02,7.766577352600137485e-02,9.790181518169005503e-02,1.243614029682190009e-01,1.585857448112328316e-01,2.015406366736494370e-01,2.520119147969211437e-01,3.042558087033583325e-01,3.486134200675563011e-01,3.788546259927983995e-01,3.964357904139602651e-01,4.057210461412594782e-01,4.100269786373913483e-01,4.111508285847635946e-01,4.096196943224753584e-01,4.049954009113591047e-01,3.955438407463849337e-01,3.779646861813821812e-01,3.478261263053372132e-01,3.035660223465684870e-01,2.513753664070634830e-01,2.009359826108587654e-01,1.580131515779189533e-01,1.238260685390663030e-01,9.740694544254127618e-02,7.721172924573886653e-02,6.178181793328084426e-02,4.993207789733915963e-02,4.075756740271386375e-02,3.358586603021805617e-02,2.792250010656056186e-02,2.340435601289734754e-02,1.976380243203574444e-02,1.680228841853242602e-02,1.437131149974351166e-02,1.235880717555505603e-02,1.067942403747721217e-02,9.267552600712949951e-03,8.072299563648504400e-03,7.053838676762658709e-03,6.180740074669517636e-03,5.427999391173593709e-03,4.775570964324989467e-03,4.207266991815750493e-03,3.709924492428961183e-03,3.272769842674734704e-03,2.886930250529353131e-03,2.545055371410015217e-03,2.241022122001768997e-03,1.969702808687880807e-03,1.726781786896963104e-03,1.508609578149988336e-03,1.312086091317171558e-03,1.134566602587446134e-03,9.737856416693290145e-04,8.277950495000160501e-04,6.949133151461499725e-04,5.736839385684166332e-04,4.628410536388711995e-04,3.612809202996912277e-04,2.680381839881057948e-04,1.822660250885419137e-04,1.032194965798918058e-04
3.860094244223800908e-05,7.872984081742668162e-05,1.220754363490513460e-04,1.689803569632317853e-04,2.198326560914580096e-04,2.750730445035792890e-04,3.352034720956193880e-04,4.007973499873726791e-04,4.725117742695840515e-04,5.511022032328552782e-04,6.374401558795754919e-04,7.325346489526287936e-04,8.375582833605991649e-04,9.538791433004596395e-04,1.083100002426941278e-03,1.227106768336115161e-03,1.388128677059363627e-03,1.568813525566478424e-03,1.772322275808567394e-03,2.002448782075685017e-03,2.263772331399134963e-03,2.561853354623295793e-03,2.903486366200425280e-03,3.297029361810991689e-03,3.752836181941458273e-03,4.283828666994084905e-03,4.906260145066282732e-03,5.640742888964741901e-03,6.513642517428569652e-03,7.558985954219789825e-03,8.821092026243355574e-03,1.035822201492386276e-02,1.224766854330716810e-02,1.459285748811925583e-02,1.753321271117313368e-02,2.125765416850053727e-02,2.602244151902657204e-02,3.217303585056638382e-02,4.016626013932899503e-02,5.058004151942659121e-02,6.407742241913554071e-02,8.125319176013998113e-02,1.022508740269940652e-01,1.261072320579798289e-01,1.502312241758192723e-01,1.710963388115339379e-01,1.863340157786430584e-01,1.959370782148238954e-01,2.012960884673455630e-01,2.038395281163007944e-01,2.044728110548118538e-01,2.035129196091976511e-01,2.007121251063466172e-01,1.952057596393631245e-01,1.855639535952565977e-01,1.703578814654101714e-01,1.495467216526100152e-01,1.254718316155231661e-01,1.016567351188782525e-01,8.069760368508671622e-02,6.356067372327980913e-02,5.010250059269914791e-02,3.972722933263858613e-02,3.177074929039293977e-02,2.565442921539718216e-02,2.092110908180708218e-02,1.722525754618845981e-02,1.431071009204363219e-02,1.198873167376773505e-02,1.012012347065571749e-02,8.601694694347584644e-03,7.356380878352690965e-03,6.326133231403674277e-03,5.466825975748129673e-03,4.744604881609239093e-03,4.133257318964465507e-03,3.612305733056675808e-03,3.165615006202857767e-03,2.780366833869757359e-03,2.446298000912748571e-03,2.155129852912808508e-03,1.900137393907449070e-03,1.675821180350863882e-03,1.477655510819332173e-03,1.301893695917259296e-03,1.145416366147309316e-03,1.005612476158546532e-03,8.802853308298472061e-04,7.675778952423736954e-04,6.659130672998204124e-04,5.739456357479561996e-04,4.905234212026626794e-04,4.146556769169072862e-04,3.454872617796860435e-04,2.822774280818769613e-04,2.243823181380318629e-04,1.712404567571081495e-04,1.223606753555884705e-04,7.731201893904684477e-05,3.571527721583347205e-05
5.283691365280548994e-06,1.068137566884620811e-05,1.631444299899815500e-05,2.219832839323564934e-05,2.834981764875767996e-05,3.478719483507280291e-05,4.153040902371576645e-05,4.860126311810831969e-05,5.602362814851197394e-05,6.382368696523263950e-05,7.203021193309352456e-05,8.067488201951265056e-05,8.979264559725894470e-05,9.942213637295570466e-05,1.096061511265153079e-04,1.203921994267282189e-04,1.318331371916527149e-04,1.439878978955573194e-04,1.569223373714519686e-04,1.707102104631364175e-04,1.854343001138342563e-04,2.011877215846938761e-04,2.180754259049370793e-04,2.362159265317891315e-04,2.557432700947625897e-04,2.768092635373018838e-04,2.995859517384716147e-04,3.242683046710671899e-04,3.510770092868181541e-04,3.802611482797998532e-04,4.121003513739094487e-04,4.469056671764284070e-04,4.850178288882290721e-04,5.268006180955146691e-04,5.726254200119283407e-04,6.228404525244381077e-04,6.777141225225098752e-04,7.373363732431234769e-04,8.014560850856639702e-04,8.692329547376747168e-04,9.389082578432254118e-04,1.007493231517512340e-03,1.070780925842771715e-03,1.124181819733312618e-03,1.164408012151245744e-03,1.190206284952843082e-03,1.199545433289694700e-03,1.185439427027007442e-03,1.137252188292499269e-03,1.049035712977500635e-03,9.287607876075370692e-04,7.997818282094633097e-04,6.907771072885351017e-04,6.205558955289182301e-04,5.884912840534246761e-04,5.779868332914349371e-04,5.696152509284628908e-04,5.520767186730471572e-04,5.239902768085028797e-04,4.892776347829309565e-04,4.523989910578257723e-04,4.163303442905951315e-04,3.825233656417986955e-04,3.514582587564413175e-04,3.231258651394946103e-04,2.973150595698840549e-04,2.737558490437215432e-04,2.521817615134899380e-04,2.323528055521839727e-04,2.140609085736840014e-04,1.971283490606284925e-04,1.814038928243684305e-04,1.667585958780334443e-04,1.530820009143226768e-04,1.402789267306520711e-04,1.282668415226000927e-04,1.169737411383273650e-04,1.063364405171342514e-04,9.629919475089715204e-05,8.681258036016844637e-05,7.783258151400734002e-05,6.931983805015066991e-05,6.123902189628337145e-05,5.355831607649936957e-05,4.624897629825084955e-05,3.928495954022680084e-05,3.264260742849979611e-05,2.630037475674855448e-05,2.023859547503438559e-05,1.443927999019283003e-05,8.885938800384545388e-06,3.563428409453186005e-06,-1.542183805121598192e-06,-6.443738518249269083e-06,-1.115308946134932548e-05,-1.568119641478885005e-05,-2.003820779511082692e-05,-2.423353419511550713e-05,-2.827591403033489909e-05,-3.217347227616483617e-05
-2.804047867160332347e-05,-5.738122364870517847e-05,-8.946852400343037297e-05,-1.246142052275105193e-04,-1.631728255864253166e-04,-2.055486142525937536e-04,-2.522037211850382808e-04,-3.036680633866658641e-04,-3.605511221997743042e-04,-4.235561356664394083e-04,-4.934972446219255482e-04,-5.713202990573625854e-04,-6.581282230933428561e-04,-7.552120871669173530e-04,-8.640893645567893381e-04,-9.865512833543469383e-04,-1.124721762035721601e-03,-1.281131189250800384e-03,-1.458809349700791258e-03,-1.661403211613621473e-03,-1.893327224587675484e-03,-2.159956440171571269e-03,-2.467876464969011134e-03,-2.825209426979643015e-03,-3.242042420429349422e-03,-3.730995227669141323e-03,-4.307978866580508374e-03,-4.993217673688560981e-03,-5.812638093036843166e-03,-6.799771195176083222e-03,-7.998378794112361370e-03,-9.466101911692234930e-03,-1.127955251794529427e-02,-1.354142767366625297e-02,-1.639040350077718144e-02,-2.001469249168827402e-02,-2.466999786177801260e-02,-3.070157236022718478e-02,-3.856671460839863202e-02,-4.884505322360575136e-02,-6.220335170208189657e-02,-7.924306741173610391e-02,-1.001177330986002117e-01,-1.238755518640582004e-01,-1.479323512141854091e-01,-1.687582673025239399e-01,-1.839789780266908314e-01,-1.935972796141619823e-01,-1.990308043247981939e-01,-2.017327323352323676e-01,-2.026038354661480467e-01,-2.019134284943992497e-01,-1.993434999322576118e-01,-1.939768670354592162e-01,-1.843830280338634164e-01,-1.691797508816383633e-01,-1.483774786922986144e-01,-1.243410399241433317e-01,-1.005903930545736236e-01,-7.970840890270776413e-02,-6.265051324398444865e-02,-4.926754930304369506e-02,-3.896151636671264795e-02,-3.106796459648598213e-02,-2.500866840580138334e-02,-2.032710562368714863e-02,-1.667839861838268586e-02,-1.380697417974548202e-02,-1.152460668098178112e-02,-9.692528029580718685e-03,-8.207909896212785619e-03,-6.993993465166659096e-03,-5.992989090968189360e-03,-5.160992220497930341e-03,-4.464338848255546520e-03,-3.876981075953555341e-03,-3.378584959314637724e-03,-2.953141349300151142e-03,-2.587943054554382380e-03,-2.272825366308341751e-03,-1.999597359870030570e-03,-1.761612494805045968e-03,-1.553441752786227040e-03,-1.370622865453953237e-03,-1.209466457336832654e-03,-1.066905093020467567e-03,-9.403749115031297080e-04,-8.277221925006628990e-04,-7.271291320827603889e-04,-6.370545186745146500e-04,-5.561860420865215142e-04,-4.834017412494970062e-04,-4.177386739983120949e-04,-3.583673268602463949e-04,-3.045706119219819910e-04,-2.557265486605103189e-04,-2.112939209234137379e-04,-1.708003475508779471e-04,-1.338323201582132158e-04,-1.000268512990627040e-04
-6.116773541416503635e-05,-1.250370158425635509e-04,-1.946067982835135652e-04,-2.705117372299739803e-04,-3.534724857852807284e-04,-4.443095461960270913e-04,-5.439597214613605975e-04,-6.534957289317163418e-04,-7.741496739787463114e-04,-9.073412566287064433e-04,-1.054711807990784582e-03,-1.218165541733284753e-03,-1.399919779409494313e-03,-1.602566395044049703e-03,-1.829147362092672837e-03,-2.083248126807648367e-03,-2.369113648092607306e-03,-2.691793435007496654e-03,-3.057323918908927494e-03,-3.472959214569268458e-03,-3.947465032596052421e-03,-4.491495602580548689e-03,-5.118080525420235644e-03,-5.843258322493840272e-03,-6.686907293123644895e-03,-7.673843888444019379e-03,-8.835286733146919397e-03,-1.021082444242168638e-02,-1.185108297349562155e-02,-1.382137130860801658e-02,-1.620670385774686945e-02,-1.911876886382874244e-02,-2.270565195942791242e-02,-2.716544837396052056e-02,-3.276530253796872821e-02,-3.986782939163083933e-02,-4.896703448984101453e-02,-6.073498971851391121e-02,-7.607659612036127283e-02,-9.617766397446730897e-02,-1.224991065207963470e-01,-1.565909685207269586e-01,-1.994348131612602992e-01,-2.498382561454619566e-01,-3.020703357609763606e-01,-3.464472981415869235e-01,-3.766881733317848924e-01,-3.942390246799925557e-01,-4.035044288948895219e-01,-4.078736694133928697e-01,-4.092010279456210764e-01,-4.079767848469245117e-01,-4.036471107501408695e-01,-3.943487606814355950e-01,-3.767585550780130910e-01,-3.465574635602575171e-01,-3.022876332743265060e-01,-2.501565680877804732e-01,-1.998136924451553997e-01,-1.569935693824048295e-01,-1.229014106050009547e-01,-9.656620368758093986e-02,-7.644464897146502347e-02,-6.107977205662352971e-02,-4.928796947313235366e-02,-4.016553528675162466e-02,-3.304101036613522197e-02,-2.742066791316748881e-02,-2.294198143049478236e-02,-1.933778847231091419e-02,-1.640991866480923100e-02,-1.401018319758962592e-02,-1.202677968418374224e-02,-1.037457844697858844e-02,-8.988159588013966417e-03,-7.816793424966968565e-03,-6.820796065010052527e-03,-5.968862376792904295e-03,-5.236097963244051683e-03,-4.602554641359792552e-03,-4.052131431438645709e-03,-3.571743014240295628e-03,-3.150685500521748037e-03,-2.780148930808567891e-03,-2.452839752629361238e-03,-2.162686362910349377e-03,-1.904607857028217709e-03,-1.674331220146934576e-03,-1.468245902858890048e-03,-1.283287439786460864e-03,-1.116843775422085875e-03,-9.666794526632632289e-04,-8.308739358179175003e-04,-7.077711811245810964e-04,-5.959382059128994283e-04,-4.941308945166499478e-04,-4.012656529591870870e-04,-3.163958131835878178e-04,-2.386919118383660121e-04,-1.674251437072119192e-04
-9.389711867149731057e-05,-1.918710595408661406e-04,-2.984434051187736126e-04,-4.145628248898414843e-04,-5.413056359855938958e-04,-6.798962255109694194e-04,-8.317312818974278684e-04,-9.984086506543378078e-04,-1.181761827688237315e-03,-1.383901354961104445e-03,-1.607264704925524595e-03,-1.854676653585528778e-03,-2.129422676257148542e-03,-2.435338594359698176e-03,-2.776920609092734579e-03,-3.159461051369429237e-03,-3.589216756884016507e-03,-4.073619079109557124e-03,-4.621537374256906062e-03,-5.243611601457065161e-03,-5.952674861092143582e-03,-6.764293788330867814e-03,-7.697464506651817938e-03,-8.775515450483646271e-03,-1.002728741549151377e-02,-1.148868806331655376e-02,-1.320475626971373377e-02,-1.523242626109013072e-02,-1.764425992034847346e-02,-2.053352890641183329e-02,-2.402119217962396525e-02,-2.826555167906488406e-02,-3.347571006625726930e-02,-3.993043873568514340e-02,-4.800473335341512438e-02,-5.820721002725155052e-02,-7.123251438026372007e-02,-8.803374991908451130e-02,-1.099195000257558313e-01,-1.386750679948979825e-01,-1.766879630754302488e-01,-2.269881305759370305e-01,-2.928557548145938605e-01,-3.756822117026227259e-01,-4.674694430719389948e-01,-5.427104626200803805e-01,-5.852562819418417606e-01,-6.056586686370165618e-01,-6.153311824560009358e-01,-6.193995999736277014e-01,-6.207030074887123217e-01,-6.193500535884119973e-01,-6.151565752547986099e-01,-6.052361139085942199e-01,-5.846148892484114290e-01,-5.422144368772037204e-01,-4.673374615833715273e-01,-3.758156815013496965e-01,-2.931302150925318428e-01,-2.273248207936153786e-01,-1.770439999680099019e-01,-1.390285455871316522e-01,-1.102596985299399979e-01,-8.835579275972954560e-02,-7.153458994351295785e-02,-5.848912159686649181e-02,-4.826712547192818503e-02,-4.017437431213975729e-02,-3.370243496606142170e-02,-2.847636278213282537e-02,-2.421736415503856696e-02,-2.071627500860784288e-02,-1.781471273810597902e-02,-1.539163019087978063e-02,-1.335366680443329616e-02,-1.162817492928573150e-02,-1.015813975327824019e-02,-8.898447943847196881e-03,-7.813123801345474295e-03,-6.873264814580118225e-03,-6.055486843200815275e-03,-5.340743643436769370e-03,-4.713423575269923282e-03,-4.160653171686554130e-03,-3.671756283720513207e-03,-3.237831109019447592e-03,-2.851417192917326399e-03,-2.506231581131920620e-03,-2.196958480469426121e-03,-1.919080591773387329e-03,-1.668743099864443413e-03,-1.442643408819576679e-03,-1.237941290381274146e-03,-1.052185306886666873e-03,-8.832522777977329029e-04,-7.292972533791087716e-04,-5.887119935188373041e-04,-4.600903633209139573e-04,-3.421993789777676869e-04,-2.339548892295755292e-04
-1.260333806755824780e-04,-2.574803440929781043e-04,-4.003406333906926566e-04,-5.558639659152922767e-04,-7.254669933069980920e-04,-9.107598016640045197e-04,-1.113577311637284047e-03,-1.336016617183194291e-03,-1.580481550942121685e-03,-1.849736080425682001e-03,-2.146968542352080747e-03,-2.475869239092298810e-03,-2.840724586705558902e-03,-3.246531866045477069e-03,-3.699139751231806088e-03,-4.205421260872508477e-03,-4.773487716469197208e-03,-5.412954864263372010e-03,-6.135275749843347934e-03,-6.954159547923922068e-03,-7.886101790662075270e-03,-8.951059940039505364e-03,-1.017331991502213977e-02,-1.158261530497814093e-02,-1.321558344197933804e-02,-1.511767397323289172e-02,-1.734567002396088242e-02,-1.997104527355903630e-02,-2.308447084218259726e-02,-2.680191647087738771e-02,-3.127297988585516636e-02,-3.669235444739268881e-02,-4.331574988928607595e-02,-5.148217646532420033e-02,-6.164538301185180924e-02,-7.441854881122032805e-02,-9.063830140766586385e-02,-1.114571835414604750e-01,-1.384786761184831072e-01,-1.739578418263049153e-01,-2.211089282203715645e-01,-2.846018434388770668e-01,-3.714009862766479708e-01,-4.918426451729913662e-01,-6.534095224090441523e-01,-7.791223181765314365e-01,-8.174949066289221022e-01,-8.289337867694225315e-01,-8.347523291711431703e-01,-8.350343866231179080e-01,-8.366766345579405018e-01,-8.343680053461335344e-01,-8.339201413490123782e-01,-8.273579384613465315e-01,-8.148801957812427110e-01,-7.773088853131935316e-01,-6.529021408481074928e-01,-4.917961644510039365e-01,-3.715791741685776639e-01,-2.848781526028170696e-01,-2.214215746748217639e-01,-1.742774648018346195e-01,-1.387912956261805331e-01,-1.117562616666138153e-01,-9.092103162831494112e-02,-7.468405342823510040e-02,-6.189379646379190858e-02,-5.171415894679026737e-02,-4.353222033413790132e-02,-3.689434055566291615e-02,-3.146153312892505105e-02,-2.697806434643836015e-02,-2.324919099139619375e-02,-2.012525261411046706e-02,-1.749021166466336805e-02,-1.525332874404379362e-02,-1.334306409482511994e-02,-1.170257218084147510e-02,-1.028634533014214508e-02,-9.057692830980566476e-03,-7.986832339748494228e-03,-7.049433626242242873e-03,-6.225499088674569213e-03,-5.498496912429455194e-03,-4.854685170198680746e-03,-4.282581270547027204e-03,-3.772542819758633627e-03,-3.316434459222513363e-03,-2.907361478521750670e-03,-2.539455615569810761e-03,-2.207701887031691436e-03,-1.907797863412455386e-03,-1.636038741882494055e-03,-1.389223040841551038e-03,-1.164574863008591057e-03,-9.596795358774177012e-04,-7.724301039888007000e-04,-6.009826642114972318e-04,-4.437189385096839854e-04,-2.992147950173711210e-04
-1.573896803023223359e-04,-3.214794116447332773e-04,-4.996890991759168205e-04,-6.935527204202265698e-04,-9.048074428173660940e-04,-1.135425574383373999e-03,-1.387652358248931024e-03,-1.664050834605035074e-03,-1.967555283044659063e-03,-2.301535124291538819e-03,-2.669871625269043883e-03,-3.077050345007966651e-03,-3.528273020384327645e-03,-4.029593572704046230e-03,-4.588084189360638367e-03,-5.212039094649793119e-03,-5.911225800086480561e-03,-6.697196494662742070e-03,-7.583676043508817341e-03,-8.587048147306645951e-03,-9.726968045344421693e-03,-1.102713938239185953e-02,-1.251630543514246213e-02,-1.422952213095400077e-02,-1.620980408178204074e-02,-1.851026792224133230e-02,-2.119694352771949244e-02,-2.435248895256768298e-02,-2.808113763084836220e-02,-3.251533906443218602e-02,-3.782474566154037793e-02,-4.422847706103503335e-02,-5.201200316882587105e-02,-6.155059801755064647e-02,-7.334224363114807965e-02,-8.805430795955916656e-02,-1.065906664754245614e-01,-1.301899900838809632e-01,-1.605736044100058435e-01,-2.001778594144460466e-01,-2.525475812487850691e-01,-3.230921885798001547e-01,-4.208632473714945532e-01,-5.642078559919497804e-01,-8.128693260184274294e-01,-1.000435029697527067e+00,-1.006955506213252027e+00,-1.002608632594705007e+00,-1.005746888846344334e+00,-1.000104001454025671e+00,-1.004423513598097006e+00,-9.976299216389026281e-01,-1.004541832057768591e+00,-9.998000739683421401e-01,-1.000752686958626070e+00,-9.969665530358595706e-01,-8.125181299039847538e-01,-5.640665004880489608e-01,-4.209781835762506641e-01,-3.233223975901757807e-01,-2.528233108027675979e-01,-2.004666244863847480e-01,-1.608599822275145752e-01,-1.304665969846174334e-01,-1.068540946351158455e-01,-8.830320264193425306e-02,-7.357634176086499944e-02,-6.177022245468824502e-02,-5.221778520534628432e-02,-4.442119921603173566e-02,-3.800525082130993410e-02,-3.268447763109705306e-02,-2.823973711333477299e-02,-2.450133710284494587e-02,-2.133677976251575209e-02,-1.864177983404827210e-02,-1.633362705526921962e-02,-1.434624081470557699e-02,-1.262645627390674569e-02,-1.113121370313505804e-02,-9.825415375459794001e-03,-8.680279563455345695e-03,-7.672067428027355175e-03,-6.781091627811095153e-03,-5.990939249907989081e-03,-5.287858887883882184e-03,-4.660274260644170150e-03,-4.098395997840842409e-03,-3.593910044511320050e-03,-3.139726219222792498e-03,-2.729774266506139122e-03,-2.358837613481822981e-03,-2.022417216232502268e-03,-1.716619540970797846e-03,-1.438063998059856173e-03,-1.183806128878258897e-03,-9.512736069914123037e-04,-7.382127086600310736e-04,-5.426433727273916909e-04,-3.628213359936254337e-04
-1.877900651100086824e-04,-3.835055311559369641e-04,-5.959160720902813811e-04,-8.268197396404455835e-04,-1.078250428004312979e-03,-1.352514539020575109e-03,-1.652234265326529231e-03,-1.980398856033624595e-03,-2.340425546615934084e-03,-2.736232234059884222e-03,-3.172324483381813547e-03,-3.653900093266798654e-03,-4.186975267574169317e-03,-4.778537489847137047e-03,-5.436731551815367908e-03,-6.171086940750959010e-03,-6.992797074508966086e-03,-7.915063863327999327e-03,-8.953525013889671036e-03,-1.012678670222768099e-02,-1.145709118011980013e-02,-1.297115817079398659e-02,-1.470125142601266637e-02,-1.668653877865499541e-02,-1.897483715184845182e-02,-2.162486571218616774e-02,-2.470917414938159432e-02,-2.831797390115250307e-02,-3.256418520009253526e-02,-3.759013254770045970e-02,-4.357649097585947207e-02,-5.075432809407121049e-02,-5.942143704465266407e-02,-6.996466672034182266e-02,-8.289071372983521091e-02,-9.886898891992003391e-02,-1.187919630930280301e-01,-1.438613135528672149e-01,-1.757132367224447378e-01,-2.166057576704051302e-01,-2.697104101575715229e-01,-3.395934018153062284e-01,-4.330454851099744262e-01,-5.601637179302697556e-01,-7.281481332245305360e-01,-8.597304775322778259e-01,-9.031700198264536184e-01,-9.186819808743571514e-01,-9.274595547853952127e-01,-9.295256380184666600e-01,-9.317538362074565539e-01,-9.288291516696023375e-01,-9.265708315585818866e-01,-9.170295489195154914e-01,-9.004662365031854687e-01,-8.578227066845864890e-01,-7.275469948601070991e-01,-5.600281219983314074e-01,-4.331415766685567381e-01,-3.397957004505840484e-01,-2.699573137730266748e-01,-2.168675586351557494e-01,-1.759753318814353262e-01,-1.441164262553831232e-01,-1.190365274256096201e-01,-9.910139955695626557e-02,-8.311043569307692558e-02,-7.017176001575381461e-02,-5.961629171812260486e-02,-5.093751133716339224e-02,-4.374865663232828383e-02,-3.775196676330806744e-02,-3.271637370580818271e-02,-2.846118258407770094e-02,-2.484403793873996361e-02,-2.175198272712460662e-02,-1.909476618977894516e-02,-1.679979891195300737e-02,-1.480832290595453411e-02,-1.307248411346666889e-02,-1.155307968881365797e-02,-1.021781319964644441e-02,-9.039934636848696511e-03,-7.997173825927071308e-03,-7.070898941696021449e-03,-6.245448778385192905e-03,-5.507599935543211651e-03,-4.846139365847394222e-03,-4.251519665226239156e-03,-3.715579694225699166e-03,-3.231317054217839029e-03,-2.792701931101884260e-03,-2.394524102316068249e-03,-2.032266656319453666e-03,-1.702001327211757767e-03,-1.400301397338850687e-03,-1.124168939600583145e-03,-8.709738127623042198e-04,-6.384023281082287825e-04,-4.244139051332297100e-04
-2.170716834653533189e-04,-4.432233027848568878e-04,-6.884928652951133061e-04,-9.549194078672680998e-04,-1.244806398873005582e-03,-1.560762301323836802e-03,-1.905748343223234850e-03,-2.283134954008689353e-03,-2.696768657836014389e-03,-3.151051630202746957e-03,-3.651036647326686476e-03,-4.202540818148899592e-03,-4.812282326536257426e-03,-5.488045478404375566e-03,-6.238880713938467840e-03,-7.075348000142420331e-03,-8.009814285119648894e-03,-9.056818635266654718e-03,-1.023352250812094993e-02,-1.156026763114395214e-02,-1.306127055853996584e-02,-1.476549170565143176e-02,-1.670772825191914335e-02,-1.892999576932715561e-02,-2.148328416040396274e-02,-2.442980138565285439e-02,-2.784585615231423630e-02,-3.182558184588028805e-02,-3.648577349806711445e-02,-4.197220433896405034e-02,-4.846791778687787461e-02,-5.620416706585752709e-02,-6.547491421049478344e-02,-7.665612261783331938e-02,-9.023150208746558154e-02,-1.068268988661170427e-01,-1.272561169143273940e-01,-1.525813779581824958e-01,-1.841910608157393547e-01,-2.238930968210176564e-01,-2.740051543143427470e-01,-3.373580247754982553e-01,-4.168777816954569171e-01,-5.134502962534289727e-01,-6.184678742034505072e-01,-7.057973336928751174e-01,-7.587458687525240331e-01,-7.874727804586301172e-01,-8.031639085168095216e-01,-8.108463234840910250e-01,-8.133332433847304532e-01,-8.107335772159229847e-01,-8.028711080138388745e-01,-7.868911435797680820e-01,-7.579209154758934641e-01,-7.051085472037101898e-01,-6.181458726472942589e-01,-5.134044083796626134e-01,-4.169879010446960743e-01,-3.375471257129469271e-01,-2.742304173934738132e-01,-2.241317342073959606e-01,-1.844310039193404749e-01,-1.528162241480917893e-01,-1.274825171510133581e-01,-1.070431977984362959e-01,-9.043700927143399904e-02,-7.685070753009706768e-02,-6.565877291613519962e-02,-5.637768341136065869e-02,-4.863157868171348597e-02,-4.212654711914790018e-02,-3.663135293187852470e-02,-3.196294948811831405e-02,-2.797554762417395202e-02,-2.455232881678146017e-02,-2.159913202203665727e-02,-1.903961893957068635e-02,-1.681155154250522227e-02,-1.486391033167538608e-02,-1.315465119981134613e-02,-1.164894984630446967e-02,-1.031782033941025176e-02,-9.137022294610436593e-03,-8.086191848763088844e-03,-7.148147064433603946e-03,-6.308329982497294999e-03,-5.554356263123937446e-03,-4.875649953266815440e-03,-4.263145933633325467e-03,-3.709046427780827819e-03,-3.206620894423718986e-03,-2.750040889273031551e-03,-2.334243237127646246e-03,-1.954816219939702580e-03,-1.607904553413490875e-03,-1.290129762196337614e-03,-9.985232240396016163e-04,-7.304696761448963406e-04,-4.836593926090127361e-04
-2.450866793769935093e-04,-5.003285931505686715e-04,-7.769411270797050087e-04,-1.077178860127520239e-03,-1.403584989187470038e-03,-1.759034922992918238e-03,-2.146787480658014519e-03,-2.570545200986773266e-03,-3.034525602573621365e-03,-3.543545650427898548e-03,-4.103122204300439259e-03,-4.719591875328174937e-03,-5.400254537600375840e-03,-6.153545777245261923e-03,-6.989244875445363263e-03,-7.918726594159616536e-03,-8.955267170052308434e-03,-1.011441766217783048e-02,-1.141446132532344948e-02,-1.287697623491390955e-02,-1.452753028972252058e-02,-1.639654338625170724e-02,-1.852036154901373285e-02,-2.094260084515115611e-02,-2.371583596728166904e-02,-2.690373067800756746e-02,-3.058373646336254997e-02,-3.485052372570522639e-02,-3.982035903170922514e-02,-4.563670492028344683e-02,-5.247739787798371552e-02,-6.056385595199650917e-02,-7.017287575488592721e-02,-8.165168217617228830e-02,-9.543694467050559127e-02,-1.120783488635583580e-01,-1.322667109708474120e-01,-1.568648163839669873e-01,-1.869343804097269857e-01,-2.237404381608943116e-01,-2.686845815473971055e-01,-3.230470439763317159e-01,-3.872670278462334026e-01,-4.593232481501374753e-01,-5.324445932186808728e-01,-5.958669913851393218e-01,-6.423948506066683439e-01,-6.728639436725278866e-01,-6.913829448422046386e-01,-7.012660973579029067e-01,-7.043892543295833253e-01,-7.012666212956136791e-01,-6.913351402873141316e-01,-6.727201408867785615e-01,-6.421767060199761179e-01,-5.956786226214961788e-01,-5.323716593158025479e-01,-4.593707452080489362e-01,-3.873998579750943527e-01,-3.232299151414668170e-01,-2.688928584768047747e-01,-2.239589266260830769e-01,-1.871541379920674264e-01,-1.570806901374162956e-01,-1.324757962527911559e-01,-1.122790814670196202e-01,-9.562857020816169229e-02,-8.183394154801519604e-02,-7.034581445377977027e-02,-6.072770564150396788e-02,-5.263250124744882352e-02,-4.578346718796348636e-02,-3.995921630394545787e-02,-3.498192227710334584e-02,-3.070811923547811517e-02,-2.702152862352380849e-02,-2.382746268173351056e-02,-2.104844944220776379e-02,-1.862080306799294288e-02,-1.649192624092683801e-02,-1.461818041644311235e-02,-1.296319770043924055e-02,-1.149653722608124512e-02,-1.019261119685672262e-02,-9.029822803041875900e-03,-7.989871252739781313e-03,-7.057189141782480024e-03,-6.218485049244961566e-03,-5.462370141950795982e-03,-4.779052122673732930e-03,-4.160083381154944596e-03,-3.598152945699686391e-03,-3.086913968821053920e-03,-2.620840152031259258e-03,-2.195105828159097869e-03,-1.805485455186246454e-03,-1.448269095311494883e-03,-1.120191104199062988e-03,-8.183697746808408493e-04,-5.402560948024116069e-04
-2.717037344795811965e-04,-5.545517271860942420e-04,-8.608379140759637223e-04,-1.193005201823242383e-03,-1.553804685574164055e-03,-1.946341385898158350e-03,-2.374127796984046215e-03,-2.841146754225360241e-03,-3.351925453533465080e-03,-3.911622855427157076e-03,-4.526133203727907700e-03,-5.202209006426203493e-03,-5.947607596711479427e-03,-6.771266355820651332e-03,-7.683512888134418420e-03,-8.696317959277792900e-03,-9.823600924989859054e-03,-1.108159980123930161e-02,-1.248932119387969296e-02,-1.406908919676193997e-02,-1.584721730598499106e-02,-1.785483366822871246e-02,-2.012889793457547927e-02,-2.271345805550889496e-02,-2.566120803058455010e-02,-2.903542347463573467e-02,-3.291237142919483522e-02,-3.738431452083161577e-02,-4.256325724854978509e-02,-4.858561260944022075e-02,-5.561799665150059246e-02,-6.386437778097567297e-02,-7.357479676207737129e-02,-8.505579008388336471e-02,-9.868240600545244434e-02,-1.149111184273934466e-01,-1.342916489535496138e-01,-1.574729548490183539e-01,-1.851929680615964635e-01,-2.182304425967956929e-01,-2.572767536409926725e-01,-3.026550849251270492e-01,-3.537986236511809768e-01,-4.085143609991503388e-01,-4.625478875814381108e-01,-5.105931695487723188e-01,-5.488284242954339920e-01,-5.764179312971332569e-01,-5.945215545669918500e-01,-6.046770038208895137e-01,-6.079538828955104446e-01,-6.047056179728621528e-01,-5.945548277903140999e-01,-5.764317122828001017e-01,-5.488247579054866820e-01,-5.106020541536034907e-01,-4.625999137279474538e-01,-4.086187346502392348e-01,-3.539465632021183694e-01,-3.028321545794105951e-01,-2.574701336345176506e-01,-2.184308301175044154e-01,-1.853941916410882240e-01,-1.576711067427707669e-01,-1.344843383442921869e-01,-1.150969446419599779e-01,-9.886061106881632865e-02,-8.522603382232182834e-02,-7.373701089261780472e-02,-6.401867018121806807e-02,-5.576458768813417899e-02,-4.872479225381710216e-02,-4.269535591950406050e-02,-3.750968316125540686e-02,-3.303136789799044487e-02,-2.914840331802934920e-02,-2.576851832219877181e-02,-2.281543340174728429e-02,-2.022585801289105215e-02,-1.794708185003435555e-02,-1.593504004347663303e-02,-1.415275594261512782e-02,-1.256908468670027770e-02,-1.115769659568540371e-02,-9.896252078909196365e-03,-8.765729814621469121e-03,-7.749877900316688023e-03,-6.834763939359756423e-03,-6.008404964672170445e-03,-5.260461988303554576e-03,-4.581987031630891521e-03,-3.965212912229015493e-03,-3.403377979416428566e-03,-2.890579510028607347e-03,-2.421650684166365940e-03,-1.992057023900257410e-03,-1.597808948021971730e-03,-1.235387713436784810e-03,-9.016825104012343023e-04,-5.939368793968724742e-04
-2.968092342880447859e-04,-6.056598892775090894e-04,-9.398194711659501634e-04,-1.301890824344980723e-03,-1.694799847960061848e-03,-2.121842496528924399e-03,-2.586739615894726937e-03,-3.093701083220551894e-03,-3.647501024097534773e-03,-4.253566252788921163e-03,-4.918080539663212576e-03,-5.648107873610906139e-03,-6.451738582490491002e-03,-7.338263033652728425e-03,-8.318378699577072891e-03,-9.404437690672517308e-03,-1.061074349033708925e-02,-1.195390765268164110e-02,-1.345327973371953680e-02,-1.513146683354890665e-02,-1.701496296030599598e-02,-1.913491313311543179e-02,-2.152804287549785200e-02,-2.423779065508443326e-02,-2.731568898850127158e-02,-3.082304930552726835e-02,-3.483301592070969788e-02,-3.943306469252021162e-02,-4.472803017813108128e-02,-5.084374731875100639e-02,-5.793138220030748242e-02,-6.617248668675908274e-02,-7.578471669386310783e-02,-8.702795380055716734e-02,-1.002101740562694604e-01,-1.156916534544157882e-01,-1.338847037383603111e-01,-1.552436357436432490e-01,-1.802354167306007282e-01,-2.092750411788708298e-01,-2.426021150719579744e-01,-2.800738598535490453e-01,-3.208774368620307404e-01,-3.632625515456078813e-01,-4.045632594164774720e-01,-4.417986069113613024e-01,-4.726653094232434738e-01,-4.961496105013680213e-01,-5.123196329292778461e-01,-5.217043242846602924e-01,-5.247844547489072253e-01,-5.217379918921443149e-01,-5.123754344957028861e-01,-4.962144433581142655e-01,-4.727352390331501786e-01,-4.418804512602068080e-01,-4.046665599696877003e-01,-3.633914673485346691e-01,-3.210293883086427491e-01,-2.802426591229726371e-01,-2.427811024526072281e-01,-2.094586323687343266e-01,-1.804194571893391885e-01,-1.554252346973914178e-01,-1.340619399729291172e-01,-1.158633055567583892e-01,-1.003755122994681864e-01,-8.718658987967677076e-02,-7.593649789097409175e-02,-6.631742177141142225e-02,-5.806958941995360446e-02,-5.097541769431230413e-02,-4.485340146198786571e-02,-3.955240282743451019e-02,-3.494660183293420153e-02,-3.093116952946056361e-02,-2.741862906639198211e-02,-2.433583055879007598e-02,-2.162145390697254102e-02,-1.922395590747751071e-02,-1.709988618022512119e-02,-1.521250663946199268e-02,-1.353065946975595679e-02,-1.202783792902785073e-02,-1.068142245313566385e-02,-9.472051433251933023e-03,-8.383101765851653370e-03,-7.400258977363156389e-03,-6.511160555630189639e-03,-5.705099224681546739e-03,-4.972775407903698257e-03,-4.306090148661118402e-03,-3.697971389416444821e-03,-3.142227826634471418e-03,-2.633425621140785509e-03,-2.166784102154565347e-03,-1.738087298121091754e-03,-1.343608690949411443e-03,-9.800470480938897142e-04,-6.444715597198372951e-04
-3.203080487353925088e-04,-6.534587137791820176e-04,-1.013583688690609073e-03,-1.403416779024944591e-03,-1.826025037922883801e-03,-2.284856185728652983e-03,-2.783793721055533976e-03,-3.327221116505279814e-03,-3.920096768618225140e-03,-4.568041706771452243e-03,-5.277442472678861574e-03,-6.055572076774029359e-03,-6.910732539397381087e-03,-7.852423256724456666e-03,-8.891540321780544778e-03,-1.004061301290886700e-02,-1.131408497442532024e-02,-1.272864920093041800e-02,-1.430364784594902183e-02,-1.606155015627122942e-02,-1.802852452912485914e-02,-2.023512382598230755e-02,-2.271710664052105019e-02,-2.551642111671189109e-02,-2.868238190868968931e-02,-3.227307447029732768e-02,-3.635702310997335901e-02,-4.101515841840594478e-02,-4.634311271659797421e-02,-5.245385377484790279e-02,-5.948062812210270361e-02,-6.758011036858632692e-02,-7.693551822525925010e-02,-8.775921164615245462e-02,-1.002938803382114746e-01,-1.148107328010850997e-01,-1.316019905377246169e-01,-1.509633192081831221e-01,-1.731596009339379239e-01,-1.983652795877398067e-01,-2.265706590932377584e-01,-2.574536028294848178e-01,-2.902413145802295036e-01,-3.236334020126399591e-01,-3.558964879242647039e-01,-3.851911761890384756e-01,-4.100114575607001766e-01,-4.294689235767575330e-01,-4.432654763176339663e-01,-4.514526670047305235e-01,-4.541714474077076513e-01,-4.514845204706736115e-01,-4.433233432428928533e-01,-4.295452336743929012e-01,-4.101015206397827240e-01,-3.852945452000616222e-01,-3.560147162676797206e-01,-3.237670515871330368e-01,-2.903887323746570104e-01,-2.576114963069452424e-01,-2.267352186670498759e-01,-1.985329934722249168e-01,-1.733276090589056795e-01,-1.511294616300302429e-01,-1.317647192106437548e-01,-1.149689870793155072e-01,-1.004469700784511726e-01,-8.790672142748008622e-02,-7.707723338174271577e-02,-6.771596136581503611e-02,-5.961064918522994416e-02,-5.257815222553907653e-02,-4.646184625809281904e-02,-4.112851830721551277e-02,-3.646522169899670679e-02,-3.237633601251346110e-02,-2.878093580385028549e-02,-2.561049699526361106e-02,-2.280693083258455295e-02,-2.032091687550931919e-02,-1.811049949623684194e-02,-1.613991151253840392e-02,-1.437859081377806762e-02,-1.280035942336318726e-02,-1.138273842840809014e-02,-1.010637609956488783e-02,-8.954570082938482709e-03,-7.912867679055008915e-03,-6.968730916837659849e-03,-6.111255409114614047e-03,-5.330933883738666820e-03,-4.619456869863469532e-03,-3.969544330301436573e-03,-3.374803112145762299e-03,-2.829605977654328815e-03,-2.328988708948199343e-03,-1.868562381360960433e-03,-1.444438394625560023e-03,-1.053164257807585489e-03,-6.916684588691537124e-04
-3.421239295094757405e-04,-6.977930714978405717e-04,-1.081891251455115166e-03,-1.497254237333364279e-03,-1.947056704109482485e-03,-2.434859285226098537e-03,-2.964663023157928460e-03,-3.540972507236020417e-03,-4.168869229270664480e-03,-4.854096977767096907e-03,-5.603161439051095559e-03,-6.423446589482489921e-03,-7.323350959975466479e-03,-8.312447446907995571e-03,-9.401671048460992497e-03,-1.060353973985467962e-02,-1.193241468217867002e-02,-1.340480710266870115e-02,-1.503974049842778278e-02,-1.685917829712401186e-02,-1.888852872986075335e-02,-2.115724036422956394e-02,-2.369950336954315673e-02,-2.655507288330749907e-02,-2.977023136656791608e-02,-3.339890581093797606e-02,-3.750395182378123832e-02,-4.215860790005056258e-02,-4.744810625139184168e-02,-5.347139608183584802e-02,-6.034288279050390585e-02,-6.819399925729788259e-02,-7.717428351008570608e-02,-8.745141228258697386e-02,-9.920929425063712559e-02,-1.126428172696454788e-01,-1.279471442213513110e-01,-1.452986127299663033e-01,-1.648235854083767715e-01,-1.865517825972949073e-01,-2.103533296979933631e-01,-2.358664733336631458e-01,-2.624374118613410634e-01,-2.891107036458990809e-01,-3.147112964055964746e-01,-3.380239706565782432e-01,-3.580078536592824490e-01,-3.739422237877964017e-01,-3.854408843574415600e-01,-3.923602286328173872e-01,-3.946755702362123031e-01,-3.923884305765113489e-01,-3.854940970285183899e-01,-3.740158038314882472e-01,-3.580977966636286203e-01,-3.381278742027156170e-01,-3.148278896665842597e-01,-2.892388055439255035e-01,-2.625752756882019368e-01,-2.360117778875339967e-01,-2.105035237329722642e-01,-1.867044400388065406e-01,-1.649766194009111842e-01,-1.454503490875611316e-01,-1.280963070965868422e-01,-1.127884753454497235e-01,-9.935079691413037373e-02,-8.758832981544668883e-02,-7.730635631029580956e-02,-6.832109677439372752e-02,-6.046497114154214536e-02,-5.358851284785744185e-02,-4.756034100084754329e-02,-4.226608720174506589e-02,-3.760682775278526013e-02,-3.349734716485688879e-02,-2.986441698397932984e-02,-2.664518659318565116e-02,-2.378573020644109484e-02,-2.123976376554095186e-02,-1.896752849429265281e-02,-1.693482913203880197e-02,-1.511221102135270819e-02,-1.347425919158229748e-02,-1.199900309208628939e-02,-1.066741192111148387e-02,-9.462967116392429628e-03,-8.371300263359150381e-03,-7.379886296142363668e-03,-6.477783346245528755e-03,-5.655411906436807502e-03,-4.904367119417998681e-03,-4.217258981146357506e-03,-3.587576082392831579e-03,-3.009569216510102081e-03,-2.478151773797927261e-03,-1.988814339539093229e-03,-1.537551328359888173e-03,-1.120797834870738280e-03,-7.353751706216720904e-04
-3.621995382687036497e-04,-7.385470831824037701e-04,-1.144565534297708673e-03,-1.583164124981708762e-03,-2.057592357681903208e-03,-2.571485975988889623e-03,-3.128919918183265501e-03,-3.734469412860214142e-03,-4.393280581959372461e-03,-5.111152157810489385e-03,-5.894630204580810287e-03,-6.751118067265296160e-03,-7.689004159904554159e-03,-8.717810655742803255e-03,-9.848366661353977550e-03,-1.109301004796830505e-02,-1.246582277556791685e-02,-1.398290527022771727e-02,-1.566269618085510892e-02,-1.752634460440820677e-02,-1.959814255050005422e-02,-2.190602588373587178e-02,-2.448215201625024082e-02,-2.736356187257564174e-02,-3.059293156066397040e-02,-3.421941489577577655e-02,-3.829957011479943885e-02,-4.289835077613970982e-02,-4.809011894601215864e-02,-5.395960386722933183e-02,-6.060267495364368012e-02,-6.812671517725636672e-02,-7.665025792267060600e-02,-8.630137334181629816e-02,-9.721404691653667829e-02,-1.095214829445301241e-01,-1.233449242064836027e-01,-1.387763242674273645e-01,-1.558533203745224027e-01,-1.745259654854637021e-01,-1.946173728865871755e-01,-2.157854702721367646e-01,-2.374998342318824784e-01,-2.590523377401724447e-01,-2.796158499434139855e-01,-2.983461098040319226e-01,-3.144953211776173596e-01,-3.274934044848460402e-01,-3.369694707315388227e-01,-3.427199019114099410e-01,-3.446532924508621809e-01,-3.427442716408169998e-01,-3.370163208544841305e-01,-3.275597289748453655e-01,-3.145780010317932862e-01,-2.984425369653103122e-01,-2.797239657468992835e-01,-2.591703307559429792e-01,-2.376258614785880796e-01,-2.159175803533524285e-01,-1.947535936221817809e-01,-1.746644411460966384e-01,-1.559924174648564810e-01,-1.389146816061582190e-01,-1.234814568189130657e-01,-1.096553584403457543e-01,-9.734464997068230374e-02,-8.642826801350544930e-02,-7.677315274233877107e-02,-6.824543293058274451e-02,-6.071712750262877462e-02,-5.406977162717164359e-02,-4.819603438081119379e-02,-4.300008524021185774e-02,-3.839722342856227710e-02,-3.431310712992939604e-02,-3.068279659425588238e-02,-2.744974237020719396e-02,-2.456479553779776157e-02,-2.198528189595006302e-02,-1.967416015531192608e-02,-1.759927083544641016e-02,-1.573267474918208300e-02,-1.405007566400943465e-02,-1.253031963743839530e-02,-1.115496276915253770e-02,-9.907899143908034320e-03,-8.775041204147696061e-03,-7.744045471184289250e-03,-6.804077295168800381e-03,-5.945609078477325470e-03,-5.160247141044124047e-03,-4.440583057688346838e-03,-3.780065888029368344e-03,-3.172892238372955129e-03,-2.613911545553015969e-03,-2.098544360915977156e-03,-1.622711745115739063e-03,-1.182774167942556281e-03,-7.754785485157142041e-04
-3.804961299910323939e-04,-7.756434124810307907e-04,-1.201491334048531735e-03,-1.660995069191266611e-03,-2.157447442401569642e-03,-2.694523199396461031e-03,-3.276329742100156199e-03,-3.907465345229229475e-03,-4.593086037832745314e-03,-5.338982524179193036e-03,-6.151668737743381903e-03,-7.038483872143136248e-03,-8.007710015270329620e-03,-9.068707827506336527e-03,-1.023207304897553321e-02,-1.150981698685906579e-02,-1.291557450716047419e-02,-1.446484340993097091e-02,-1.617525935938879389e-02,-1.806691070087464157e-02,-2.016269741607199656e-02,-2.248873797883739131e-02,-2.507482672271996865e-02,-2.795494213853021159e-02,-3.116780272513765965e-02,-3.475746079830886737e-02,-3.877391483484336071e-02,-4.327370580453206161e-02,-4.832044016667795538e-02,-5.398514859461056581e-02,-6.034634092336658984e-02,-6.748954938499185374e-02,-7.550605895339788931e-02,-8.449040265929969040e-02,-9.453605492501709895e-02,-1.057286074140667831e-01,-1.181356126228972764e-01,-1.317923412098025160e-01,-1.466831140833313174e-01,-1.627189151489540631e-01,-1.797139237772436837e-01,-1.973663725212899678e-01,-2.152518502968913672e-01,-2.328377287391260875e-01,-2.495231452744953449e-01,-2.646993009505411720e-01,-2.778139974585673300e-01,-2.884202820131856471e-01,-2.961963564796173398e-01,-3.009380863590002120e-01,-3.025369136358068700e-01,-3.009589728355646643e-01,-2.962369282571946649e-01,-2.884785016417915626e-01,-2.778875019176271222e-01,-2.647857944270654573e-01,-2.496205503252347524e-01,-2.329441520946758937e-01,-2.153654978138263287e-01,-1.974855080931883222e-01,-1.798368888078071548e-01,-1.628441785872561942e-01,-1.468093193672088959e-01,-1.319183328229674990e-01,-1.182604404754777905e-01,-1.058515148905822822e-01,-9.465645779816710126e-02,-8.460786454940757984e-02,-7.562026692222485746e-02,-6.760029155443474103e-02,-6.045348689547445920e-02,-5.408863281318172789e-02,-4.842024804122398857e-02,-4.336986228377896768e-02,-3.886647508273829987e-02,-3.484650263961180938e-02,-3.125342056211252717e-02,-2.803724208065809520e-02,-2.515392271091176912e-02,-2.256474872144252977e-02,-2.023574398514708592e-02,-1.813711466369757538e-02,-1.624274134247648618e-02,-1.452972201137167456e-02,-1.297796548844309776e-02,-1.156983268807038577e-02,-1.028982198168082798e-02,-9.124294408207396512e-03,-8.061234409367028578e-03,-7.090041924079612361e-03,-6.201351967721882574e-03,-5.386878175660558474e-03,-4.639277163167140200e-03,-3.952030919302139227e-03,-3.319344795942552433e-03,-2.736058967381334306e-03,-2.197571518003401617e-03,-1.699771565379152877e-03,-1.238981045265737883e-03,-8.119039758732332374e-04
-3.969929241550869663e-04,-8.090419085167283551e-04,-1.252612556384455605e-03,-1.730679840101929804e-03,-2.246550161098435743e-03,-2.803903397528111508e-03,-3.406840823783355288e-03,-4.059939768781546492e-03,-4.768316006565681900e-03,-5.537695014746600239e-03,-6.374493393736737831e-03,-7.285911911606257445e-03,-8.280041823047895599e-03,-9.365986301032448724e-03,-1.055399900691246853e-02,-1.185564199361125587e-02,-1.328396526286143055e-02,-1.485371034400099002e-02,-1.658154017256939852e-02,-1.848629723883942963e-02,-2.058929132793521979e-02,-2.291461700834865334e-02,-2.548949909227778490e-02,-2.834466123161627840e-02,-3.151470812632810314e-02,-3.503850481462561506e-02,-3.895952624704248496e-02,-4.332613557625879241e-02,-4.819172873847770572e-02,-5.361465406298226988e-02,-5.965777678882149687e-02,-6.638750781111116273e-02,-7.387205350157133310e-02,-8.217857246391338522e-02,-9.136885655013435303e-02,-1.014931121226685662e-01,-1.125814503987119103e-01,-1.246328799869916709e-01,-1.376020366262676320e-01,-1.513846904580293529e-01,-1.658042601337084143e-01,-1.806029151404928701e-01,-1.954417367192158028e-01,-2.099138356602668065e-01,-2.235714525886191573e-01,-2.359632288708635728e-01,-2.466732129318248701e-01,-2.553518232105703722e-01,-2.617323837095005823e-01,-2.656331911685213543e-01,-2.669506445624973967e-01,-2.656510744904532761e-01,-2.617673414281714295e-01,-2.554024215706982570e-01,-2.467376686908599459e-01,-2.360396565799339486e-01,-2.236580127606841717e-01,-2.100087863692423895e-01,-1.955434350396947352e-01,-1.807098132128871770e-01,-1.659149150992266786e-01,-1.514977852871826347e-01,-1.377164009781728926e-01,-1.247475028836002725e-01,-1.126954821176500976e-01,-1.016058567972021182e-01,-9.147975859607920812e-02,-8.228719990670174678e-02,-7.397808052227314302e-02,-6.649069798359792671e-02,-5.975796780072176878e-02,-5.371174425110708528e-02,-4.828566548966727046e-02,-4.341690549265814214e-02,-3.904714690354579160e-02,-3.512301791208844587e-02,-3.159617384559074843e-02,-2.842315360747460148e-02,-2.556510224590652358e-02,-2.298742209732296607e-02,-2.065939409286500494e-02,-1.855379604378166666e-02,-1.664653445246887589e-02,-1.491629938639467932e-02,-1.334424726308644851e-02,-1.191371333296928001e-02,-1.060995371187443102e-02,-9.419915648824262605e-03,-8.332034065034570058e-03,-7.336052090962739969e-03,-6.422863238113332880e-03,-5.584372888138954515e-03,-4.813376907499484700e-03,-4.103455364318760699e-03,-3.448879510833633387e-03,-2.844530384576595891e-03,-2.285827564798749694e-03,-1.768666792280551396e-03,-1.289365317901349992e-03,-8.446139871616919342e-04
-4.116862029510245588e-04,-8.387376817410782930e-04,-1.297928997677975883e-03,-1.792230498141499963e-03,-2.324934561601453564e-03,-2.899695001901418136e-03,-3.520571703797670433e-03,-4.192081203885704606e-03,-4.919254020814388915e-03,-5.707699634821978077e-03,-6.563680117070948110e-03,-7.494193510416545523e-03,-8.507068159276032909e-03,-9.611069268081045072e-03,-1.081601902165156906e-02,-1.213293160638146198e-02,-1.357416439872814046e-02,-1.515358639450951374e-02,-1.688676457824874952e-02,-1.879116829077011330e-02,-2.088639062610110966e-02,-2.319438431055836219e-02,-2.573970716227011457e-02,-2.854976879422493896e-02,-3.165506530474284513e-02,-3.508938177236594486e-02,-3.888993277881627741e-02,-4.309739813353616333e-02,-4.775579359035986987e-02,-5.291209380105696414e-02,-5.861549654984221647e-02,-6.491618387401998369e-02,-7.186339934344548874e-02,-7.950262749186638722e-02,-8.787164318885366809e-02,-9.699521681395741057e-02,-1.068783485058609345e-01,-1.174981057936957674e-01,-1.287944993699191021e-01,-1.406613718158334636e-01,-1.529389379736067200e-01,-1.654102089784731111e-01,-1.778036950706664565e-01,-1.898040883390996469e-01,-2.010708678596496435e-01,-2.112623260018633986e-01,-2.200604500849858425e-01,-2.271916439404443600e-01,-2.324399260801364442e-01,-2.356522186777224304e-01,-2.367380906645229766e-01,-2.356675685482081395e-01,-2.324700562961641848e-01,-2.272355145974390700e-01,-2.201167077385566828e-01,-2.113294615655933462e-01,-2.011473352011886317e-01,-1.898883738833969936e-01,-1.778943518291326853e-01,-1.655058742394004689e-01,-1.530383472312806803e-01,-1.407633723919232138e-01,-1.288980618744184348e-01,-1.176023307350290009e-01,-1.069824668251012634e-01,-9.709858481026442667e-02,-8.797373328844508567e-02,-7.960301654438639574e-02,-7.196175590192947780e-02,-6.501225551860537188e-02,-5.870909792744383182e-02,-5.300309574642893262e-02,-4.784411348007879677e-02,-4.318299148884414962e-02,-3.897278605484746916e-02,-3.516950623111259056e-02,-3.173249185292242175e-02,-2.862454366518943361e-02,-2.581188832691260621e-02,-2.326403851189217872e-02,-2.095359094346594883e-02,-1.885599215110833962e-02,-1.694929214285694277e-02,-1.521389925973735610e-02,-1.363234455811805808e-02,-1.218906062969218364e-02,-1.087017741313017587e-02,-9.663335972319655673e-03,-8.557520188105115569e-03,-7.542905668644927543e-03,-6.610724808577881847e-03,-5.753146733627782436e-03,-4.963170794383647659e-03,-4.234532278122463481e-03,-3.561619061038603234e-03,-2.939398004755403287e-03,-2.363349996769787634e-03,-1.829412635422700446e-03,-1.333929660249475076e-03,-8.736063245464903470e-04
-4.245881801795434803e-04,-8.647587058723932817e-04,-1.337492376191996412e-03,-1.845732478863535298e-03,-2.392732210471350263e-03,-2.982091120659601750e-03,-3.617796122044953083e-03,-4.304267630929903450e-03,-5.046411460035931003e-03,-5.849677139454624239e-03,-6.720123392209830307e-03,-7.664491530809893274e-03,-8.690287563022140727e-03,-9.805873787437068348e-03,-1.102057060606481675e-02,-1.234476915958281767e-02,-1.379005516948549753e-02,-1.536934400698516771e-02,-1.709702644200420882e-02,-1.898912367711028115e-02,-2.106344903388550002e-02,-2.333977189164527372e-02,-2.583997699650047650e-02,-2.858820882719895207e-02,-3.161098603013999531e-02,-3.493726466853444568e-02,-3.859842077367766494e-02,-4.262811203690278911e-02,-4.706196511544373517e-02,-5.193701886622302533e-02,-5.729083533160268110e-02,-6.316017097253556756e-02,-6.957908374472596136e-02,-7.657634321709939906e-02,-8.417202113283607512e-02,-9.237318369010423524e-02,-1.011687041264186238e-01,-1.105233858486621285e-01,-1.203718450137901408e-01,-1.306129339218915775e-01,-1.411058298885043139e-01,-1.516691375181301038e-01,-1.620842697590945958e-01,-1.721038182483160262e-01,-1.814645836308148297e-01,-1.899036757188505287e-01,-1.971751279818788616e-01,-2.030643193843852945e-01,-2.073983244372030188e-01,-2.100517609744093905e-01,-2.109490855689394317e-01,-2.100649912412705933e-01,-2.074243701310285459e-01,-2.031024075593881317e-01,-1.972242215148634348e-01,-1.899625762131574302e-01,-1.815320201996852290e-01,-1.721785120471600317e-01,-1.621649760010163421e-01,-1.517546721940789822e-01,-1.411950878955128830e-01,-1.307049022039159791e-01,-1.204656116587174558e-01,-1.106181449694845914e-01,-1.012637564374000571e-01,-9.246793320947209460e-02,-8.426596887283281656e-02,-7.666907888222150580e-02,-6.967027638974700177e-02,-6.324955938079522555e-02,-5.737821865277589056e-02,-5.202224785446311894e-02,-4.714493415402619403e-02,-4.270875202558831185e-02,-3.867669288274353662e-02,-3.501315491944177738e-02,-3.168450063861466548e-02,-2.865937023343592335e-02,-2.590882050442790824e-02,-2.340634284139005150e-02,-2.112780043657003920e-02,-1.905131424746961746e-02,-1.715711897116078272e-02,-1.542740402452342542e-02,-1.384614985042328765e-02,-1.239896643777996417e-02,-1.107293846097089259e-02,-9.856479675845800786e-03,-8.739197971688213162e-03,-7.711771629433052631e-03,-6.765836769448422411e-03,-5.893885607346725612e-03,-5.089174914531730855e-03,-4.345643958222072598e-03,-3.657841142068999577e-03,-3.020858560564163194e-03,-2.430273702065041674e-03,-1.882097575062326861e-03,-1.372728582346962678e-03,-8.989115225762759395e-04
-4.357256869430265844e-04,-8.871630435771076916e-04,-1.371401774054367868e-03,-1.891337855642829906e-03,-2.450162792742263847e-03,-3.051396883668620972e-03,-3.698926384099352534e-03,-4.397044991475384558e-03,-5.150500101255972921e-03,-5.964544305425412835e-03,-6.844992611400378506e-03,-7.798285848963150933e-03,-8.831560695017445090e-03,-9.952726668438825405e-03,-1.117055031321581050e-02,-1.249474657470961425e-02,-1.393607705076539520e-02,-1.550645432620135176e-02,-1.721905092280285807e-02,-1.908841044835156431e-02,-2.113055721891057143e-02,-2.336309884693958325e-02,-2.580531389617715665e-02,-2.847821353807070133e-02,-3.140456201608127912e-02,-3.460883543464488010e-02,-3.811709175662040400e-02,-4.195671680393716491e-02,-4.615600156138927046e-02,-5.074349555161748737e-02,-5.574707040646370571e-02,-6.119261883549262371e-02,-6.710231017070771020e-02,-7.349232958664006499e-02,-8.037005122203969010e-02,-8.773064510249246883e-02,-9.555320402999338547e-02,-1.037966066770901058e-01,-1.123955047818749331e-01,-1.212570145421863477e-01,-1.302588560939711426e-01,-1.392497422848748556e-01,-1.480526794434301463e-01,-1.564714514163231818e-01,-1.642999476800969250e-01,-1.713333277401221932e-01,-1.773795401975611918e-01,-1.822696613283275591e-01,-1.858659403352680151e-01,-1.880671630336727962e-01,-1.888116528103629954e-01,-1.880786228171127394e-01,-1.858885496590381714e-01,-1.823028339652666974e-01,-1.774224727314174799e-01,-1.713850681540833309e-01,-1.643594602903621082e-01,-1.565376702270869502e-01,-1.481245480356722932e-01,-1.393262421818890484e-01,-1.303390266331488911e-01,-1.213399666521292747e-01,-1.124804300242509131e-01,-1.038827822244985655e-01,-9.563999404215653422e-02,-8.781749903478874852e-02,-8.045649972585777743e-02,-7.357797871544419221e-02,-6.718683456502286266e-02,-6.127575445282645861e-02,-5.582860722813871857e-02,-5.082327056783646213e-02,-4.623389222494155709e-02,-4.203263505712287462e-02,-3.819097867409054076e-02,-3.468065648293262165e-02,-3.147430290398496588e-02,-2.854587661652509961e-02,-2.587091505841206465e-02,-2.342666487700847608e-02,-2.119212353722832454e-02,-1.914801920541905206e-02,-1.727674939593957376e-02,-1.556229357827161944e-02,-1.399011081419118153e-02,-1.254703032827668256e-02,-1.122114052315899800e-02,-1.000168016896003584e-02,-8.878934186712188897e-03,-7.844135496601387092e-03,-6.889373725135209542e-03,-6.007511091809399593e-03,-5.192105472455361970e-03,-4.437340422815629418e-03,-3.737961811579594475e-03,-3.089220634375837611e-03,-2.486821542203521834e-03,-1.926876607100211792e-03,-1.405863855453188139e-03,-9.205901187431424822e-04
-4.451387207870378905e-04,-9.060357943933305437e-04,-1.399798651881139838e-03,-1.929258019581991078e-03,-2.497523971774637079e-03,-3.108015895464503759e-03,-3.764495697719570134e-03,-4.471104550767197525e-03,-5.232403471738545850e-03,-6.053418024150849369e-03,-6.939687401760270824e-03,-7.897318105323911444e-03,-8.933042339763056644e-03,-1.005428113087141265e-02,-1.126921197081306308e-02,-1.258684052899399115e-02,-1.401707558202066467e-02,-1.557080578821694490e-02,-1.725997621405146384e-02,-1.909766155633916412e-02,-2.109813172735557768e-02,-2.327690379917245547e-02,-2.565077214572677317e-02,-2.823780587559419214e-02,-3.105729921588921971e-02,-3.412965630866145877e-02,-3.747618688799377040e-02,-4.111878359592185950e-02,-4.507944553259655290e-02,-4.937960659317526535e-02,-5.403922226700669240e-02,-5.907556659020489487e-02,-6.450169447469046580e-02,-7.032453735694947639e-02,-7.654262666221681166e-02,-8.314348501353462095e-02,-9.010079345979256360e-02,-9.737153463212191995e-02,-1.048934195324063567e-01,-1.125830107282867615e-01,-1.203350241695213818e-01,-1.280232823179685564e-01,-1.355036623794710349e-01,-1.426191206713278425e-01,-1.492065131394369470e-01,-1.551045661081880689e-01,-1.601621063354524699e-01,-1.642456368577682735e-01,-1.672455626979289511e-01,-1.690807414305126322e-01,-1.697014043180902765e-01,-1.690907195921193817e-01,-1.672652820773326554e-01,-1.642746452337346397e-01,-1.601997744453509398e-01,-1.551501343959297841e-01,-1.492591390070811819e-01,-1.426779205727857769e-01,-1.355677461608610357e-01,-1.280917796240566009e-01,-1.204071039570280555e-01,-1.126578951666013240e-01,-1.049703933425490260e-01,-9.744995063040688688e-02,-9.018007491002519305e-02,-8.322312534704921771e-02,-7.662218712872631565e-02,-7.040364316217638530e-02,-6.458002991919356561e-02,-5.915286965107476730e-02,-5.411527897515387708e-02,-4.945424546892840389e-02,-4.515253226159520600e-02,-4.119021606078425435e-02,-3.754589061991014942e-02,-3.419758038554147894e-02,-3.112341260761840311e-02,-2.830209421980361267e-02,-2.571323492697311780e-02,-2.333755189868803870e-02,-2.115698530810226907e-02,-1.915474824789608135e-02,-1.731532956309068949e-02,-1.562446394240987746e-02,-1.406908017777692282e-02,-1.263723575619670608e-02,-1.131804379050051386e-02,-1.010159662451120405e-02,-8.978889171301763020e-03,-7.941744079534216599e-03,-6.982740104532163608e-03,-6.095144532280596592e-03,-5.272850121465250985e-03,-4.510316755803930183e-03,-3.802517808839301142e-03,-3.144891094847075859e-03,-2.533294196316625019e-03,-1.963963908233021770e-03,-1.433479512813623036e-03,-9.387295884520287671e-04
-4.528789038158265255e-04,-9.214858606724063818e-04,-1.422861592505390762e-03,-1.959756006325012560e-03,-2.535180827238733836e-03,-3.152436220452224831e-03,-3.815140031844715951e-03,-4.527259827316721698e-03,-5.293147892661779347e-03,-6.117579322873599110e-03,-7.005793277271304617e-03,-7.963537397697820555e-03,-8.997115272363052224e-03,-1.011343666613922707e-02,-1.132007001456005607e-02,-1.262529637482345812e-02,-1.403816361947500015e-02,-1.556853911842331385e-02,-1.722715844763148679e-02,-1.902566674682416165e-02,-2.097664817613602642e-02,-2.309363744020241638e-02,-2.539110550368422342e-02,-2.788440936576353293e-02,-3.058969306084614870e-02,-3.352372391296072618e-02,-3.670364456295727162e-02,-4.014661759241873462e-02,-4.386933604173424983e-02,-4.788737037352160109e-02,-5.221432143206364285e-02,-5.686075111302708179e-02,-6.183286972065536735e-02,-6.713097376551499518e-02,-7.274765288735292323e-02,-7.866582193920951260e-02,-8.485668481611742531e-02,-9.127779798167504066e-02,-9.787146635047483390e-02,-1.045637581020332912e-01,-1.112644476948360661e-01,-1.178681649276179660e-01,-1.242569253967050896e-01,-1.303040445085772436e-01,-1.358792203578257918e-01,-1.408543634868186234e-01,-1.451096176872039567e-01,-1.485390028419987518e-01,-1.510552234174349640e-01,-1.525933802242309401e-01,-1.531135228697330375e-01,-1.526021138762339580e-01,-1.510725066150563067e-01,-1.485644816203127161e-01,-1.451427939137793222e-01,-1.408946274024661383e-01,-1.359258850804711261e-01,-1.303563785869656100e-01,-1.243141810595532054e-01,-1.179296011299609120e-01,-1.113293480347738174e-01,-1.046314441364718795e-01,-9.794130694895362976e-02,-9.134921532023945745e-02,-8.492915755357732799e-02,-7.873888607887824520e-02,-7.282090080320734182e-02,-6.720405184496672235e-02,-6.190547503572950416e-02,-5.693262747693030035e-02,-5.228525513459913315e-02,-4.795718582397566487e-02,-4.393789148776370418e-02,-4.021380103172702419e-02,-3.676936992252872322e-02,-3.358792753811553483e-02,-3.065233053229153223e-02,-2.794545264570482551e-02,-2.545054040045780994e-02,-2.315146137348631644e-02,-2.103286822048548374e-02,-1.908029792919456458e-02,-1.728022227401548525e-02,-1.562006230523608000e-02,-1.408817700649816346e-02,-1.267383399809416181e-02,-1.136716831937531133e-02,-1.015913384220409540e-02,-9.041450694954286313e-03,-8.006551160483968768e-03,-7.047525804090152765e-03,-6.158071047298539422e-03,-5.332438995581714400e-03,-4.565390024008793117e-03,-3.852148401139673245e-03,-3.188361069586032916e-03,-2.570059586860399658e-03,-1.993625150899638876e-03,-1.455756582023499598e-03,-9.534411001618010211e-04
-4.590078927428447556e-04,-9.336426215973945859e-04,-1.440800920000947930e-03,-1.983138682761748789e-03,-2.563555163535464598e-03,-3.185216286608468991e-03,-3.851579995194449792e-03,-4.566423716908483109e-03,-5.333873993202652326e-03,-6.158438269657081840e-03,-7.045038773038145644e-03,-7.999048302505896990e-03,-9.026327628135256270e-03,-1.013326400983166273e-02,-1.132681011116930953e-02,-1.261452227023944668e-02,-1.400459668467741656e-02,-1.550590154864699838e-02,-1.712800252032713536e-02,-1.888117807111303059e-02,-2.077642024246319913e-02,-2.282541508423210908e-02,-2.504049554609418318e-02,-2.743455783097204989e-02,-3.002093021058014830e-02,-3.281318110464408189e-02,-3.582485096008299758e-02,-3.906909035743579006e-02,-4.255818518413056334e-02,-4.630294920332948816e-02,-5.031196570574188870e-02,-5.459066421837754923e-02,-5.914022676279681590e-02,-6.395633234053663130e-02,-6.902776946741844000e-02,-7.433497533785325684e-02,-7.984859585084062850e-02,-8.552820023893824286e-02,-9.132132121405869829e-02,-9.716301674058255844e-02,-1.029761506918223102e-01,-1.086725551515281551e-01,-1.141551607080884684e-01,-1.193210672010683593e-01,-1.240653944418615706e-01,-1.282856307240898830e-01,-1.318861196600834840e-01,-1.347823158426117163e-01,-1.369044981759755808e-01,-1.382007334939959198e-01,-1.386389943179866524e-01,-1.382084168941444535e-01,-1.369197198332536003e-01,-1.348047951521200993e-01,-1.319154583039614526e-01,-1.283213357668488430e-01,-1.241069037159501232e-01,-1.193677743039920081e-01,-1.142064377244979556e-01,-1.087277720734704245e-01,-1.030346911978442803e-01,-9.722429042822186562e-02,-9.138477259730795610e-02,-8.559331490422623923e-02,-7.991490418309100952e-02,-7.440205422249022982e-02,-6.909524235896724598e-02,-6.402386806502921579e-02,-5.920753738837061797e-02,-5.465750228711463432e-02,-5.037812107312272802e-02,-4.636824568378289380e-02,-4.262247715573121848e-02,-3.913225943836994708e-02,-3.588680283535269216e-02,-3.287384255387124782e-02,-3.008024636628916365e-02,-2.749248968059583506e-02,-2.509701767925983859e-02,-2.288051367874748693e-02,-2.083009127704887886e-02,-1.893342574963128785e-02,-1.717883789050294457e-02,-1.555534129762366213e-02,-1.405266209386709861e-02,-1.266123831256392093e-02,-1.137220467475000447e-02,-1.017736723334261746e-02,-9.069171334278685465e-03,-8.040665517337928364e-03,-7.085463320114447280e-03,-6.197704429153354407e-03,-5.372016217274315150e-03,-4.603476393576980477e-03,-3.887577253980289624e-03,-3.220191839973469104e-03,-2.597542178951674652e-03,-2.016169680896978504e-03,-1.472907695106564618e-03,-9.648561807094202395e-04
-4.635957801404442928e-04,-9.426525972635632460e-04,-1.453853326160832894e-03,-1.999748984540575779e-03,-2.583114948122040150e-03,-3.206971046745574292e-03,-3.874603165364617734e-03,-4.589586347032229875e-03,-5.355809350069009808e-03,-6.177500550139701854e-03,-7.059254995336630006e-03,-8.006062312831668110e-03,-9.023335022176200496e-03,-1.011693662435782931e-02,-1.129320859702893573e-02,-1.255899512284369170e-02,-1.392166399566002744e-02,-1.538912167288203868e-02,-1.696981985465937856e-02,-1.867275025510489739e-02,-2.050742337192724626e-02,-2.248382604843560117e-02,-2.461235145478222683e-02,-2.690369380914982289e-02,-2.936869875663348020e-02,-3.201815890665370840e-02,-3.486254274041061807e-02,-3.791164416057443004e-02,-4.117413969405522844e-02,-4.465704123178082519e-02,-4.836503479510606551e-02,-5.229970088597868383e-02,-5.645862031189455982e-02,-6.083438172877671940e-02,-6.541352398446254046e-02,-7.017546751086208012e-02,-7.509151326345837874e-02,-8.012401226370399754e-02,-8.522582906465574204e-02,-9.034023220350295702e-02,-9.540133704333944586e-02,-1.003351957357477009e-01,-1.050615736651085291e-01,-1.094963763588406719e-01,-1.135546074601610778e-01,-1.171536643247411552e-01,-1.202167308273191237e-01,-1.226760185234365974e-01,-1.244756375276922927e-01,-1.255739353985166618e-01,-1.259452065888090888e-01,-1.255807279181672120e-01,-1.244891067001078766e-01,-1.226959393763396300e-01,-1.202427818402551501e-01,-1.171854441128436508e-01,-1.135916536269509503e-01,-1.095381846819785954e-01,-1.051076161790314295e-01,-1.003849367776101231e-01,-9.545424678994335332e-02,-9.039579757305757357e-02,-8.528356207869877692e-02,-8.018345608786404954e-02,-7.515224620553574708e-02,-7.023710527778054269e-02,-6.547572050155224532e-02,-6.089682881300870904e-02,-5.652104646874373667e-02,-5.236186947027998001e-02,-4.842674174245292784e-02,-4.471811253161928762e-02,-4.123442874121363566e-02,-3.797102909042949365e-02,-3.492092382535048889e-02,-3.207545606840951635e-02,-2.942484923036085137e-02,-2.695864998048504158e-02,-2.466607887994571105e-02,-2.253630165923095618e-02,-2.055863386162905954e-02,-1.872269063724179769e-02,-1.701849218415184967e-02,-1.543653391753290610e-02,-1.396782904533383322e-02,-1.260392992358401118e-02,-1.133693339767542774e-02,-1.015947432380395060e-02,-9.064710606153816505e-03,-8.046302369946240277e-03,-7.098387302952470675e-03,-6.215553721591042524e-03,-5.392812535523279667e-03,-4.625568981139845624e-03,-3.909594755584494888e-03,-3.241000996931883357e-03,-2.616212412593469944e-03,-2.031942748428982974e-03,-1.485171708353767977e-03,-9.731233727178721909e-04
-4.667195216284781927e-04,-9.486761750346003885e-04,-1.462276619916735550e-03,-2.009958369597771716e-03,-2.594364101725542097e-03,-3.218358683624638825e-03,-3.885047226778514350e-03,-4.597794099761780100e-03,-5.360242776902706535e-03,-6.176336331728204086e-03,-7.050338295786064656e-03,-7.986853489882001639e-03,-8.990848290311975050e-03,-1.006766961050380160e-02,-1.122306165075549755e-02,-1.246317918663577412e-02,-1.379459582047610523e-02,-1.522430520026448082e-02,-1.675971270660830958e-02,-1.840861451344952965e-02,-2.017916023780799359e-02,-2.207979461066913313e-02,-2.411917273896788463e-02,-2.630604261827666074e-02,-2.864908765314989197e-02,-3.115672113812412852e-02,-3.383682408527713403e-02,-3.669641765225557101e-02,-3.974126199780949470e-02,-4.297537501823662370e-02,-4.640046751811532227e-02,-5.001529640700842078e-02,-5.381494493667032808e-02,-5.779004911701769720e-02,-6.192600229091450859e-02,-6.620218490307240577e-02,-7.059128249645915676e-02,-7.505876968151119211e-02,-7.956264804193255435e-02,-8.405352778373814671e-02,-8.847513259321905521e-02,-9.276528210074624914e-02,-9.685736666298978836e-02,-1.006822787208087461e-01,-1.041707114308556420e-01,-1.072556887002225068e-01,-1.098751609000898077e-01,-1.119744934408256620e-01,-1.135086910440952640e-01,-1.144442327240129814e-01,-1.147604311640811475e-01,-1.144502655433196903e-01,-1.135206631643939645e-01,-1.119922226589533665e-01,-1.098983853960681656e-01,-1.072840792838339885e-01,-1.042038856844692274e-01,-1.007198157711728659e-01,-9.689882151332157578e-02,-9.281019874645568546e-02,-8.852305544576855034e-02,-8.410401118277441301e-02,-7.961526382475807295e-02,-7.511311290402451768e-02,-7.064697547464807159e-02,-6.625887978388250721e-02,-6.198338237736150669e-02,-5.784782917239876532e-02,-5.387287068159657411e-02,-5.007314340426375493e-02,-4.645803961693906192e-02,-4.303250250401589178e-02,-3.979779956740751162e-02,-3.675224231083689536e-02,-3.389183303853237489e-02,-3.121082973477661698e-02,-2.870222741669786054e-02,-2.635815939397376240e-02,-2.417022497179887111e-02,-2.212975176218342360e-02,-2.022800134375794465e-02,-1.845632687988347370e-02,-1.680629073906704171e-02,-1.526974935874376993e-02,-1.383891169161152561e-02,-1.250637666394709656e-02,-1.126515421360095581e-02,-1.010867369251717413e-02,-9.030782728432034528e-03,-8.025739045561133475e-03,-7.088197240527342041e-03,-6.213192089706582634e-03,-5.396119618046330696e-03,-4.632716877282316500e-03,-3.919041153730249728e-03,-3.251449143631300435e-03,-2.626576489535644484e-03,-2.041317957610800076e-03,-1.492808447262742449e-03,-9.784049561893637913e-04
-4.684614186884162798e-04,-9.518844595584625284e-04,-1.466344696940610759e-03,-2.014159625182617222e-03,-2.597832822611270340e-03,-3.220068090043545946e-03,-3.883784201283842826e-03,-4.592130142092311698e-03,-5.348500658339974505e-03,-6.156551863103788651e-03,-7.020216562924970656e-03,-7.943718851410373413e-03,-8.931587379256263060e-03,-9.988666538491270883e-03,-1.112012458964495125e-02,-1.233145750770952946e-02,-1.362848702026056916e-02,-1.501735095361918064e-02,-1.650448358664324822e-02,-1.809658323561945739e-02,-1.980056376152825037e-02,-2.162348611382984218e-02,-2.357246542505532852e-02,-2.565454858574972921e-02,-2.787655671900140034e-02,-3.024488662528646704e-02,-3.276526520411297133e-02,-3.544245124262219299e-02,-3.827988000087335918e-02,-4.127924796804484375e-02,-4.444003828882079482e-02,-4.775899193497920581e-02,-5.122953593236385939e-02,-5.484118791005880567e-02,-5.857896571828821730e-02,-6.242284127477006062e-02,-6.634728804689560278e-02,-7.032097999576132630e-02,-7.430670424789759254e-02,-7.826154786574543443e-02,-8.213740881383201076e-02,-8.588186153358737251e-02,-8.943937914463070959e-02,-9.275288005110139677e-02,-9.576553153044260747e-02,-9.842271269508624798e-02,-1.006740195569058166e-01,-1.024751891398539838e-01,-1.037898277314066309e-01,-1.045908472045928433e-01,-1.048615376194311638e-01,-1.045962287685216346e-01,-1.038005146360705816e-01,-1.024910324634486364e-01,-1.006948043450536928e-01,-9.844816708157473617e-02,-9.579533745497990915e-02,-9.278668469087641979e-02,-8.947680627143111964e-02,-8.592252217709658857e-02,-8.218091080550225802e-02,-7.830750401902547564e-02,-7.435473907913603409e-02,-7.037073500000638748e-02,-6.639842561730509296e-02,-6.247504740030168646e-02,-5.863195161882594347e-02,-5.489469077698772709e-02,-5.128331894030365573e-02,-4.781284368035585569e-02,-4.449377179592658299e-02,-4.133269938542491473e-02,-3.833290709205366964e-02,-3.549493175669899553e-02,-3.281709519448804124e-02,-3.029597876942066725e-02,-2.792683867873986883e-02,-2.570396143659162830e-02,-2.362096217359621955e-02,-2.167103031530359658e-02,-1.984712824368334641e-02,-1.814214893083597457e-02,-1.654903847099697262e-02,-1.506088908931377257e-02,-1.367100769629065078e-02,-1.237296447262761778e-02,-1.116062536975075820e-02,-1.002817183453474752e-02,-8.970110534758773610e-03,-7.981275385892409521e-03,-7.056823763629873139e-03,-6.192228429183296683e-03,-5.383266391887507087e-03,-4.626005680850041150e-03,-3.916790788292614199e-03,-3.252227375938267825e-03,-2.629166696680093011e-03,-2.044690071700642001e-03,-1.496093673654743522e-03,-9.808737955377809948e-04
-4.689076814853140505e-04,-9.524562965274518608e-04,-1.466342807827912022e-03,-2.012760137559865565e-03,-2.594068586964354446e-03,-3.212807300223737179e-03,-3.871705982187068681e-03,-4.573696707333330287e-03,-5.321925600657603436e-03,-6.119764100709672999e-03,-6.970819428112669941e-03,-7.878943776501671353e-03,-8.848241613593463978e-03,-9.883074324439604028e-03,-1.098806124315561059e-02,-1.216807590006905790e-02,-1.342823605538521342e-02,-1.477388579642722848e-02,-1.621056764364905284e-02,-1.774398224464364057e-02,-1.937993284397174568e-02,-2.112425131570209308e-02,-2.298270216092567625e-02,-2.496086054332687793e-02,-2.706396021837491339e-02,-2.929670718299644608e-02,-3.166305513410221789e-02,-3.416593950329997048e-02,-3.680696808273214993e-02,-3.958606824061081109e-02,-4.250109361144072812e-02,-4.554739707207361432e-02,-4.871738184348036599e-02,-5.200004861844961801e-02,-5.538056343148026889e-02,-5.883987800818952368e-02,-6.235444068483665669e-02,-6.589604048710656636e-02,-6.943182819920615256e-02,-7.292455484133478216e-02,-7.633305884800647978e-02,-7.961301808826115600e-02,-8.271796248123410022e-02,-8.560051938742448130e-02,-8.821384032165377476e-02,-9.051313745192843263e-02,-9.245724504882728290e-02,-9.401011648817468591e-02,-9.514217170945511726e-02,-9.583142152384711843e-02,-9.606431104837705182e-02,-9.583624192225224936e-02,-9.515174982923073344e-02,-9.402432958995152190e-02,-9.247591530841696439e-02,-9.053603884300379101e-02,-8.824070681880698264e-02,-8.563105386727723478e-02,-8.275184574111042746e-02,-7.964991749890483475e-02,-7.637263628048139574e-02,-7.296647363410532772e-02,-6.947575904315643480e-02,-6.594166619609984070e-02,-6.240145988590267701e-02,-5.888800783077575290e-02,-5.542954130308400812e-02,-5.204963328816970825e-02,-4.876735375898179348e-02,-4.559755823199568986e-02,-4.255126700675289364e-02,-3.963609698675199522e-02,-3.685671433109734968e-02,-3.421528320694332270e-02,-3.171189272926473735e-02,-2.934495023580746542e-02,-2.711153407514846347e-02,-2.500770301342209595e-02,-2.302876225317369505e-02,-2.116948804284190730e-02,-1.942431410425290647e-02,-1.778748378558761556e-02,-1.625317210975095114e-02,-1.481558186016840653e-02,-1.346901762917134329e-02,-1.220794142548024645e-02,-1.102701305308567345e-02,-9.921118073218002445e-03,-8.885385769949155632e-03,-7.915199174180650304e-03,-7.006198869049777393e-03,-6.154282005840384234e-03,-5.355597703705517604e-03,-4.606539787199666336e-03,-3.903737629881156787e-03,-3.244045716594402828e-03,-2.624532407811160442e-03,-2.042468283013131134e-03,-1.495314353182421868e-03,-9.807103619935970788e-04
-4.681470907674116283e-04,-9.505755090106621230e-04,-1.462563184663386202e-03,-2.006175705937605479e-03,-2.583627928738787931e-03,-3.197292996617212384e-03,-3.849711313951825926e-03,-4.543599282890704513e-03,-5.281857559152525541e-03,-6.067578514322196498e-03,-6.904052510712188617e-03,-7.794772497007810066e-03,-8.743436316477228368e-03,-9.753945982242988311e-03,-1.083040301394209114e-02,-1.197709874552015975e-02,-1.319849830431817778e-02,-1.449921672794555853e-02,-1.588398543094011670e-02,-1.735760696452449264e-02,-1.892489574124666535e-02,-2.059060213971893386e-02,-2.235931718921084846e-02,-2.423535489624736861e-02,-2.622260926512155754e-02,-2.832438324545051567e-02,-3.054318729210514158e-02,-3.288050603988035975e-02,-3.533653288102615864e-02,-3.790987409303939182e-02,-4.059722668698925729e-02,-4.339303738473299782e-02,-4.628915406759046697e-02,-4.927448554042509338e-02,-5.233469024372641720e-02,-5.545191915823095147e-02,-5.860464192348405904e-02,-6.176758731178802475e-02,-6.491182876685433478e-02,-6.800504191992806646e-02,-7.101195331802634403e-02,-7.389498804464522674e-02,-7.661510918555902716e-02,-7.913282563159244887e-02,-8.140932853676005609e-02,-8.340770310004448629e-02,-8.509415316871667134e-02,-8.643917266976974823e-02,-8.741860022131145436e-02,-8.801450060394772068e-02,-8.821582756716857265e-02,-8.801883506447960581e-02,-8.742721718947581155e-02,-8.645197020886329076e-02,-8.511098312679696298e-02,-8.342837636630359710e-02,-8.143362137991673466e-02,-7.916048667678295125e-02,-7.664586660117249373e-02,-7.392855656555814836e-02,-7.104804081018396833e-02,-6.804335527743803069e-02,-6.495207901471591883e-02,-6.180949385782374267e-02,-5.864793595888306149e-02,-5.549634624718823711e-02,-5.238001217044242763e-02,-4.932048149838292456e-02,-4.633562128384076384e-02,-4.343979127302433768e-02,-4.064410061986014483e-02,-3.795671887602506539e-02,-3.538321600323067473e-02,-3.292691076534842720e-02,-3.058921164647172841e-02,-2.836993894279470074e-02,-2.626762061115901076e-02,-2.427975769616215820e-02,-2.240305768163466937e-02,-2.063363597261278978e-02,-1.896718700067010974e-02,-1.739912726340158908e-02,-1.592471306184420343e-02,-1.453913588151714044e-02,-1.323759835309589253e-02,-1.201537359160552085e-02,-1.086785049794713846e-02,-9.790567350309338848e-03,-8.779235741740325227e-03,-7.829756651656317665e-03,-6.938230184714339402e-03,-6.100960276921238434e-03,-5.314455459342543216e-03,-4.575426585248115220e-03,-3.880782266398158896e-03,-3.227622626910889823e-03,-2.613231866726444669e-03,-2.035070028830807034e-03,-1.490764282838339880e-03,-9.780999700523729159e-04
-4.662697727957483508e-04,-9.464283743982014867e-04,-1.455301068098715676e-03,-1.994824956182355592e-03,-2.567069066351782523e-03,-3.174241168351773449e-03,-3.818694297753650810e-03,-4.502932781151504013e-03,-5.229617504543922039e-03,-6.001570103964384319e-03,-6.821775683034151348e-03,-7.693383574579653640e-03,-8.619705561394505611e-03,-9.604210853464151959e-03,-1.065051698476107353e-02,-1.176237564202321610e-02,-1.294365227181474426e-02,-1.419829813333066924e-02,-1.553031327784412489e-02,-1.694369874955975810e-02,-1.844239612926384247e-02,-2.003021239925855193e-02,-2.171072802000523910e-02,-2.348718610798539511e-02,-2.536236073178889036e-02,-2.733840265003701156e-02,-2.941666135987984487e-02,-3.159748317423222846e-02,-3.387998626663636659e-02,-3.626181527427126128e-02,-3.873888017133411688e-02,-4.130508671768617912e-02,-4.395206879185519638e-02,-4.666893618938384308e-02,-4.944205475717877024e-02,-5.225487867368550088e-02,-5.508785679333375040e-02,-5.791843569517104301e-02,-6.072118084803510007e-02,-6.346803366788894563e-02,-6.612871596910807614e-02,-6.867128453091660145e-02,-7.106282778336309169e-02,-7.327028497055312894e-02,-7.526135689662298567e-02,-7.700546791883082498e-02,-7.847473244584754482e-02,-7.964487659557258070e-02,-8.049606702563655292e-02,-8.101360384096495393e-02,-8.118844206899369920e-02,-8.101751550912796029e-02,-8.050384698152625307e-02,-7.965643958106954914e-02,-7.848995421397816918e-02,-7.702418929229411237e-02,-7.528338870986926723e-02,-7.329541357572284810e-02,-7.109082080218132038e-02,-6.870189656516934029e-02,-6.616169403192688481e-02,-6.350312215668674209e-02,-6.075812593911328330e-02,-5.795698909384768005e-02,-5.512777881861295054e-02,-5.229594069178744586e-02,-4.948404100389246218e-02,-4.671164503821605835e-02,-4.399531353471928391e-02,-4.134869592887586986e-02,-3.878269772515970798e-02,-3.630570008324598280e-02,-3.392381180155153164e-02,-3.164113682071791750e-02,-2.946004365879076325e-02,-2.738142646173408190e-02,-2.540495035745709423e-02,-2.352927639476239466e-02,-2.175226347101801710e-02,-2.007114630472611738e-02,-1.848268973061916939e-02,-1.698332044503421748e-02,-1.556923787508216958e-02,-1.423650615229032738e-02,-1.298112929938606032e-02,-1.179911173838951895e-02,-1.068650614046914860e-02,-9.639450495397709762e-03,-8.654196105306863340e-03,-7.727128021489720368e-03,-6.854779256584926997e-03,-6.033839925752237064e-03,-5.261162304422362969e-03,-4.533762639572735259e-03,-3.848820417316749926e-03,-3.203675671863599923e-03,-2.595824818864203055e-03,-2.022915408638445694e-03,-1.482740120394432891e-03,-9.732302558396560511e-04
-4.633660964924254813e-04,-9.402013600037053328e-04,-1.444851160845663212e-03,-1.979124386272072995e-03,-2.544945411300080212e-03,-3.144358955093217497e-03,-3.779534448940430162e-03,-4.452769702709642730e-03,-5.166493608280194744e-03,-5.923267561670142109e-03,-6.725785219439643289e-03,-7.576870128627075443e-03,-8.479470682308934415e-03,-9.436651754553224483e-03,-1.045158225927945474e-02,-1.152751775836706113e-02,-1.266777711743343783e-02,-1.387571207678104344e-02,-1.515466847596000192e-02,-1.650793775184064907e-02,-1.793869723416318882e-02,-1.944993770562073246e-02,-2.104437669704816924e-02,-2.272435607925650872e-02,-2.449172272435015674e-02,-2.634769137933093072e-02,-2.829268946581045552e-02,-3.032618433525155477e-02,-3.244649460912084338e-02,-3.465058864633215052e-02,-3.693387491386573851e-02,-3.928999106409603037e-02,-4.171060076970900532e-02,-4.418520969783897717e-02,-4.670101421111308437e-02,-4.924279818341890935e-02,-5.179289437068396174e-02,-5.433122671117596170e-02,-5.683544839911434943e-02,-5.928118732797246770e-02,-6.164240545788624015e-02,-6.389187199003021345e-02,-6.600174237344089145e-02,-6.794422683085003800e-02,-6.969232415115468593e-02,-7.122058987573677558e-02,-7.250590349216484709e-02,-7.352819735063628737e-02,-7.427111088029386687e-02,-7.472253709170020852e-02,-7.487503383431587389e-02,-7.472607924554480752e-02,-7.427815872058092517e-02,-7.353867910312084089e-02,-7.251971431510037536e-02,-7.123759502515618347e-02,-6.971236286732314380e-02,-6.796711671289752676e-02,-6.602728400491338079e-02,-6.391985359438623338e-02,-6.167260739413852472e-02,-5.931338627634014093e-02,-5.686942112887585082e-02,-5.436675336337898345e-02,-5.182976122402157410e-02,-4.928079990089149348e-02,-4.673995558763860414e-02,-4.422490694506315406e-02,-4.175088238464511742e-02,-3.933069833383034258e-02,-3.697486211038299858e-02,-3.469172296448134324e-02,-3.248765589768858736e-02,-3.036726466674800895e-02,-2.833359258547592241e-02,-2.638833206848698737e-02,-2.453202610787715010e-02,-2.276425690190791648e-02,-2.108381858865737007e-02,-1.948887245109713617e-02,-1.797708406054371322e-02,-1.654574264155528329e-02,-1.519186351285969731e-02,-1.391227482932110189e-02,-1.270369006165721071e-02,-1.156276774194207706e-02,-1.048616000675059619e-02,-9.470551413147915848e-03,-8.512689407014294163e-03,-7.609407704820081962e-03,-6.757643721055032332e-03,-5.954451042708138603e-03,-5.197007825362883957e-03,-4.482621866370360003e-03,-3.808733001358200355e-03,-3.172913372050198237e-03,-2.572866026233041822e-03,-2.006422234400346682e-03,-1.471537841480673094e-03,-9.662889152737937559e-04
-4.595256977015609837e-04,-9.320791264095040036e-04,-1.431504519068569486e-03,-1.959484054685984959e-03,-2.517799965746000349e-03,-3.108337673808903284e-03,-3.733088286905458884e-03,-4.394150245480574549e-03,-5.093729860101324329e-03,-5.834140433922599921e-03,-6.617799605494082554e-03,-7.447224482551130682e-03,-8.325024064879334856e-03,-9.253888374498055874e-03,-1.023657362517242653e-02,-1.127588267234583622e-02,-1.237463989179096897e-02,-1.353565954485392610e-02,-1.476170660620662947e-02,-1.605544896492104578e-02,-1.741939987260376910e-02,-1.885584951767640613e-02,-2.036678467062853076e-02,-2.195379549288783289e-02,-2.361796885699414886e-02,-2.535976791580283121e-02,-2.717889821218327090e-02,-2.907416136491985589e-02,-3.104329832191015867e-02,-3.308282534694194366e-02,-3.518786729059769636e-02,-3.735199425058469830e-02,-3.956706937687645004e-02,-4.182311720363292989e-02,-4.410822332715513827e-02,-4.640847728803208089e-02,-4.870797091727960965e-02,-5.098886392752209618e-02,-5.323152696130450945e-02,-5.541476951911553789e-02,-5.751615617610021658e-02,-5.951240941901160542e-02,-6.137989163167376083e-02,-6.309515272386538587e-02,-6.463552423123163082e-02,-6.597973602124465597e-02,-6.710852854334813100e-02,-6.800523220636373045e-02,-6.865628607432036623e-02,-6.905167054078961697e-02,-6.918523269516586860e-02,-6.905488835986775542e-02,-6.866269086502750640e-02,-6.801476317973184638e-02,-6.712109672246709124e-02,-6.599522673283461649e-02,-6.465380018668835660e-02,-6.311605751816545817e-02,-6.140325348186378290e-02,-5.953804497205962554e-02,-5.754387423532338064e-02,-5.544437456515240864e-02,-5.326282237369588807e-02,-5.102165484306568632e-02,-4.874206668900776113e-02,-4.644369353243671394e-02,-4.414438356645956213e-02,-4.186005412439883222e-02,-3.960462573635005479e-02,-3.739002346847588448e-02,-3.522623376710212750e-02,-3.312140454842923964e-02,-3.108197667444244708e-02,-2.911283599319538021e-02,-2.721747655809335364e-02,-2.539816726693051169e-02,-2.365611581136577504e-02,-2.199162538233249628e-02,-2.040424096135556517e-02,-1.889288320324383416e-02,-1.745596887137347217e-02,-1.609151753139965654e-02,-1.479724476335181164e-02,-1.357064254246516735e-02,-1.240904769447388756e-02,-1.130969947920576826e-02,-1.026978742232099139e-02,-9.286490520610380869e-03,-8.357008909386079432e-03,-7.478589015557539528e-03,-6.648543138160351029e-03,-5.864264307791412258e-03,-5.123237183698413355e-03,-4.423045656424359762e-03,-3.761377737727065410e-03,-3.136028239691304904e-03,-2.544899672430175550e-03,-1.986001724854209900e-03,-1.457449635593318629e-03,-9.574617109453905034e-04
-4.548366317053517856e-04,-9.222427998537520086e-04,-1.415545880758817049e-03,-1.936303905301113917e-03,-2.486160592649206899e-03,-3.066846996025251234e-03,-3.680182401090561963e-03,-4.328074269280737796e-03,-5.012516980089787820e-03,-5.735589082874244064e-03,-6.499448720058060604e-03,-7.306326829707401882e-03,-8.158517676650415065e-03,-9.058366198401394259e-03,-1.000825158644751828e-02,-1.101056645706985186e-02,-1.206769090188826617e-02,-1.318196065108082765e-02,-1.435562853760499746e-02,-1.559081842644378761e-02,-1.688947077872394315e-02,-1.825327906863016825e-02,-1.968361637588489713e-02,-2.118145165492862220e-02,-2.274725545230043416e-02,-2.438089522527765035e-02,-2.608152092581955336e-02,-2.784744216903565356e-02,-2.967599911261121007e-02,-3.156343012941664056e-02,-3.350474043999863982e-02,-3.549357704300367539e-02,-3.752211647123050026e-02,-3.958097301044271460e-02,-4.165913591913932706e-02,-4.374394472778750376e-02,-4.582111171103080832e-02,-4.787479995889007411e-02,-4.988776399912484005e-02,-5.184155758188396107e-02,-5.371681005976387813e-02,-5.549356892215252107e-02,-5.715170172719675340e-02,-5.867134626965901656e-02,-6.003339373776366006e-02,-6.121998625823622114e-02,-6.221500795808450335e-02,-6.300454772423987049e-02,-6.357731231512069037e-02,-6.392497032392162326e-02,-6.404241054496377650e-02,-6.392790230743962410e-02,-6.358315003752366967e-02,-6.301323941033198928e-02,-6.222647768808046292e-02,-6.123413594586169656e-02,-6.005010559141316789e-02,-5.869048560892615313e-02,-5.717312001987107789e-02,-5.551710691013269500e-02,-5.374230085430332926e-02,-5.186882962657802382e-02,-4.991664382037130226e-02,-4.790511464579585987e-02,-4.585269108799755466e-02,-4.377662320198277834e-02,-4.169275400100025397e-02,-3.961537851797796578e-02,-3.755716543823728326e-02,-3.552913435767549727e-02,-3.354068024417176247e-02,-3.159963601034749409e-02,-2.971236411915492703e-02,-2.788386868283749750e-02,-2.611792041601561712e-02,-2.441718791254776644e-02,-2.278336990518180921e-02,-2.121732433828169354e-02,-1.971919116844878667e-02,-1.828850676381491708e-02,-1.692430858022441961e-02,-1.562522944796124538e-02,-1.438958131394010680e-02,-1.321542866611459706e-02,-1.210065213748163886e-02,-1.104300296566927166e-02,-1.004014908915901866e-02,-9.089713709464708469e-03,-8.189307154582327677e-03,-7.336552854866115053e-03,-6.529108197985551178e-03,-5.764680972481302408e-03,-5.041042045540788941e-03,-4.356034854296551850e-03,-3.707582224304819575e-03,-3.093690965989988155e-03,-2.512454641080943442e-03,-1.962054837179645021e-03,-1.440761239931673526e-03,-9.469307488539955393e-04
-4.493846519661487036e-04,-9.108685084195781469e-04,-1.397251419875897467e-03,-1.909970707934009358e-03,-2.450536123130335475e-03,-3.020530219596246572e-03,-3.621607908515575916e-03,-4.255494992583593733e-03,-4.923985450633843255e-03,-5.628937204869222805e-03,-6.372266062805140990e-03,-7.155937482425072348e-03,-7.981955762789091219e-03,-8.852350214462248457e-03,-9.769157816217614865e-03,-1.073440181877937695e-02,-1.175006571601911257e-02,-1.281806197315427283e-02,-1.394019488549550108e-02,-1.511811694691649229e-02,-1.635327814276615541e-02,-1.764686765726158207e-02,-1.899974761181059263e-02,-2.041237864068463914e-02,-2.188473737700242366e-02,-2.341622627761922454e-02,-2.500557667078693452e-02,-2.665074647183750603e-02,-2.834881467941712668e-02,-3.009587552786307033e-02,-3.188693600677534185e-02,-3.371582132671816640e-02,-3.557509375125567086e-02,-3.745599095127026545e-02,-3.934839057082110958e-02,-4.124080791532561824e-02,-4.312043347073597765e-02,-4.497321623661073436e-02,-4.678399753608360190e-02,-4.853669802965691893e-02,-5.021455815033793596e-02,-5.180042921250354454e-02,-5.327710921766074664e-02,-5.462771413878993870e-02,-5.583607249652543930e-02,-5.688712862795138742e-02,-5.776733843438996985e-02,-5.846504074683570029e-02,-5.897078784188683476e-02,-5.927762005591367261e-02,-5.938127177575337062e-02,-5.928029916457498022e-02,-5.897612361037204293e-02,-5.847298884533021907e-02,-5.777783375689990453e-02,-5.690008687525443393e-02,-5.585139215625817971e-02,-5.464527876675736445e-02,-5.329678991754892986e-02,-5.182208721191200462e-02,-5.023804737826962491e-02,-4.856186761266174240e-02,-4.681069414532409989e-02,-4.500128623448110959e-02,-4.314972482187186958e-02,-4.127117184181281623e-02,-3.937968294444612466e-02,-3.748807342639032952e-02,-3.560783465020722627e-02,-3.374909629573289577e-02,-3.192062846436054951e-02,-3.012987692982765225e-02,-2.838302462551048691e-02,-2.668507267863695978e-02,-2.503993483431431882e-02,-2.345053984744807640e-02,-2.191893726154949679e-02,-2.044640286113763930e-02,-1.903354091986187574e-02,-1.768038112959360517e-02,-1.638646876313710338e-02,-1.515094718476710581e-02,-1.397263227826497228e-02,-1.285007871796317418e-02,-1.178163827504933800e-02,-1.076551054154595288e-02,-9.799786580971215147e-03,-8.882486090167892451e-03,-8.011588692477963902e-03,-7.185059988194973483e-03,-6.400872972333378902e-03,-5.657025398983790872e-03,-4.951553631249666285e-03,-4.282543470137357630e-03,-3.648138407913439560e-03,-3.046545703613475972e-03,-2.476040632161893677e-03,-1.934969214982913124e-03,-1.421749699675485448e-03,-9.348730196115505754e-04
-4.432526104801433700e-04,-8.981261714962722204e-04,-1.376886906823892144e-03,-1.880855582354552889e-03,-2.411413251263121258e-03,-2.970000561390072000e-03,-3.558116197766579211e-03,-4.177314275415104465e-03,-4.829200469686265214e-03,-5.515426641031119168e-03,-6.237683678540406965e-03,-6.997692252317381199e-03,-7.797191129593204414e-03,-8.637922674629011643e-03,-9.521615119541051303e-03,-1.044996116448895090e-02,-1.142459244414400187e-02,-1.244704938679340456e-02,-1.351874599756155114e-02,-1.464092912377854688e-02,-1.581463181527527351e-02,-1.704062048308293761e-02,-1.831933569518960289e-02,-1.965082663657769999e-02,-2.103467951142723447e-02,-2.246994048565847599e-02,-2.395503416302300834e-02,-2.548767905879845141e-02,-2.706480207685290837e-02,-2.868245459528527552e-02,-3.033573339951669071e-02,-3.201871033391281984e-02,-3.372437512486294725e-02,-3.544459629804239120e-02,-3.717010539828868865e-02,-3.889050974469215188e-02,-4.059433864108079326e-02,-4.226912725069820187e-02,-4.390154119577905495e-02,-4.547754335668873632e-02,-4.698260236617193136e-02,-4.840194001771007393e-02,-4.972081237710102714e-02,-5.092481698505059440e-02,-5.200021636725284807e-02,-5.293426632465072362e-02,-5.371553632930513300e-02,-5.433420892009011710e-02,-5.478234533413110091e-02,-5.505410571540206993e-02,-5.514591404227505572e-02,-5.505656029508634863e-02,-5.478723519502040618e-02,-5.434149592051085165e-02,-5.372516437200246936e-02,-5.294616263290653768e-02,-5.201429308869137680e-02,-5.094097305042861318e-02,-4.973893553516098298e-02,-4.842190896651054483e-02,-4.700428890552565964e-02,-4.550081449437985703e-02,-4.392626115086736144e-02,-4.229515930922433942e-02,-4.062154683177917475e-02,-3.891876031403689040e-02,-3.719926807473089569e-02,-3.547454534427451484e-02,-3.375499018420254072e-02,-3.204987708243035166e-02,-3.036734401945050468e-02,-2.871440808777355608e-02,-2.709700443328820138e-02,-2.552004331040598137e-02,-2.398748032780343223e-02,-2.250239543082288921e-02,-2.106707674806458652e-02,-1.968310606168031246e-02,-1.835144329444016523e-02,-1.707250800606747998e-02,-1.584625643309891738e-02,-1.467225307747076907e-02,-1.354973624419543270e-02,-1.247767724892542146e-02,-1.145483326701373337e-02,-1.047979398440063506e-02,-9.551022345974862632e-03,-8.666889787889542340e-03,-7.825706395184190908e-03,-7.025746452722506433e-03,-6.265269862677139319e-03,-5.542539891315506617e-03,-4.855837686389575386e-03,-4.203473977797328454e-03,-3.583798341327279393e-03,-2.995206370475099640e-03,-2.436145066198718619e-03,-1.905116720241646373e-03,-1.400681535109266551e-03,-9.214591934389564911e-04
-4.365199731101506862e-04,-8.841785278933080635e-04,-1.354706249595449136e-03,-1.849312065213462109e-03,-2.369254156070399985e-03,-2.915838385120143265e-03,-3.490415840941408707e-03,-4.094379328486317561e-03,-4.729158613649808718e-03,-5.396214204242936671e-03,-6.097029424394399301e-03,-6.833100513393621823e-03,-7.605924454420398030e-03,-8.416984214713341475e-03,-9.267731058156276208e-03,-1.015956357614099248e-02,-1.109380307559505209e-02,-1.207166496757814018e-02,-1.309422581986737985e-02,-1.416238577718696365e-02,-1.527682611856186028e-02,-1.643796181859035269e-02,-1.764588911442616440e-02,-1.890032825902707159e-02,-2.020056186917520979e-02,-2.154536955785020524e-02,-2.293295987620075013e-02,-2.436090097835620638e-02,-2.582605185527972122e-02,-2.732449644787075110e-02,-2.885148342281178974e-02,-3.040137484671302792e-02,-3.196760738553546671e-02,-3.354266993973128302e-02,-3.511810174819501168e-02,-3.668451490178641083e-02,-3.823164485021456060e-02,-3.974843182663802266e-02,-4.122313513439988808e-02,-4.264348094908405884e-02,-4.399684272847641936e-02,-4.527045156965543715e-02,-4.645163201487523263e-02,-4.752805701867775234e-02,-4.848801419169111726e-02,-4.932067417150944738e-02,-5.001635115724424596e-02,-5.056674536704591771e-02,-5.096515747927534562e-02,-5.120666599412891651e-02,-5.128825985622112449e-02,-5.120892052672588318e-02,-5.096964987630599880e-02,-5.057344265996909644e-02,-5.002520479547676452e-02,-4.933162105829221739e-02,-4.850097799138290700e-02,-4.754294967989468323e-02,-4.646835544847579408e-02,-4.528889941921767498e-02,-4.401690217323708798e-02,-4.266503448463365711e-02,-4.124606228392058843e-02,-3.977261074426666210e-02,-3.825695378740759378e-02,-3.671083351668566475e-02,-3.514531224643215046e-02,-3.357065804252289121e-02,-3.199626312711963128e-02,-3.043059320809986951e-02,-2.888116481249825007e-02,-2.735454704270562712e-02,-2.585638381620033316e-02,-2.439143255641521360e-02,-2.296361542432562297e-02,-2.157607946328611928e-02,-2.023126242069675507e-02,-1.893096146188798581e-02,-1.767640246475175869e-02,-1.646830804758623451e-02,-1.530696291557829929e-02,-1.419227549938733082e-02,-1.312383519503390952e-02,-1.210096479546981206e-02,-1.112276793226213943e-02,-1.018817152470332527e-02,-9.295963368766787041e-03,-8.444825095750540730e-03,-7.633360796376068881e-03,-6.860121646436842698e-03,-6.123626890190813493e-03,-5.422381542279564558e-03,-4.754891162051528251e-03,-4.119674039101641448e-03,-3.515271108314330529e-03,-2.940253888844248948e-03,-2.393230715934542216e-03,-1.872851508489275889e-03,-1.377811289780753266e-03,-9.068526542075866330e-04
-4.292624417761250382e-04,-8.691803850123123922e-04,-1.330950385494276706e-03,-1.815674673590999362e-03,-2.324494783711929420e-03,-2.858589271140288962e-03,-3.419170547693455714e-03,-4.007480682328432367e-03,-4.624785994288640317e-03,-5.272370247196299202e-03,-5.951526233115247977e-03,-6.663545516720725988e-03,-7.409706092234073956e-03,-8.191257690919669099e-03,-9.009404466247686663e-03,-9.865284779239900242e-03,-1.075994781041302722e-02,-1.169432673995890806e-02,-1.266920826767197784e-02,-1.368519829241803334e-02,-1.474268364176524806e-02,-1.584178984011124988e-02,-1.698233503254397911e-02,-1.816378034567300501e-02,-1.938517716876500541e-02,-2.064511208016999583e-02,-2.194165042435993959e-02,-2.327227985981363337e-02,-2.463385553918190016e-02,-2.602254893727598203e-02,-2.743380269026168133e-02,-2.886229412571695088e-02,-3.030191041680547342e-02,-3.174573844894246211e-02,-3.318607250569859807e-02,-3.461444272484136969e-02,-3.602166691306901702e-02,-3.739792771715391706e-02,-3.873287632343780373e-02,-4.001576281066419188e-02,-4.123559204999613370e-02,-4.238130269156584889e-02,-4.344196538107542721e-02,-4.440699501015977352e-02,-4.526637062430086123e-02,-4.601085569188124308e-02,-4.663221086254368958e-02,-4.712339117343982559e-02,-4.747871992899255211e-02,-4.769403218147402063e-02,-4.776678184246644504e-02,-4.769610789821907698e-02,-4.748285690272711218e-02,-4.712956078383574721e-02,-4.664037091399336754e-02,-4.602095125977486573e-02,-4.527833512702036933e-02,-4.442075146395284974e-02,-4.345742779034235392e-02,-4.239837752545798366e-02,-4.125417975736732357e-02,-4.003575932890366534e-02,-3.875417454198096939e-02,-3.742041886290371072e-02,-3.604524183197432841e-02,-3.463899304095287984e-02,-3.321149164574215690e-02,-3.177192252651650506e-02,-3.032875897553364772e-02,-2.888971074497866803e-02,-2.746169546047015284e-02,-2.605083081412135071e-02,-2.466244458789267763e-02,-2.330109940142173833e-02,-2.197062909630219038e-02,-2.067418382344039449e-02,-1.941428115335913640e-02,-1.819286084533791592e-02,-1.701134125895018001e-02,-1.587067574556914537e-02,-1.477140769857358468e-02,-1.371372325590090868e-02,-1.269750092896621343e-02,-1.172235767367775169e-02,-1.078769112145005517e-02,-9.892717852196648842e-03,-9.036507720273329741e-03,-8.218014342140297912e-03,-7.436101925419702323e-03,-6.689568667385011741e-03,-5.977166980859979946e-03,-5.297620820793234007e-03,-4.649640388728408860e-03,-4.031934487853197115e-03,-3.443220790660285816e-03,-2.882234266429805746e-03,-2.347733998296118365e-03,-1.838508600800163725e-03,-1.353380429471528600e-03,-8.912087548108001221e-04
-4.215516743715960442e-04,-8.532780695067788707e-04,-1.305846490540030951e-03,-1.780257915467001184e-03,-2.277543719207945298e-03,-2.798762831680577049e-03,-3.344998033234809071e-03,-3.917351250028208547e-03,-4.516937697418117563e-03,-5.144878704911577325e-03,-5.802293042163909551e-03,-6.490286552639764305e-03,-7.209939890740855485e-03,-7.962294150596826645e-03,-8.748334171717379870e-03,-9.568969310025488006e-03,-1.042501147446637556e-02,-1.131715025177556719e-02,-1.224592497776023740e-02,-1.321169366552444289e-02,-1.421459877252780925e-02,-1.525452988228047022e-02,-1.633108349567576056e-02,-1.744352027371767755e-02,-1.859072024900932513e-02,-1.977113672764688537e-02,-2.098274983385835582e-02,-2.222302090188176329e-02,-2.348884918491032578e-02,-2.477653261729764050e-02,-2.608173461728128389e-02,-2.739945913274030240e-02,-2.872403628776996551e-02,-3.004912105640824421e-02,-3.136770734425143453e-02,-3.267215967338567978e-02,-3.395426432052242594e-02,-3.520530124053337234e-02,-3.641613741786799835e-02,-3.757734144165320728e-02,-3.867931812822151399e-02,-3.971246096542196263e-02,-4.066731908855489991e-02,-4.153477449015582912e-02,-4.230622429076900254e-02,-4.297376222730558276e-02,-4.353035311065105162e-02,-4.396999390871535185e-02,-4.428785534730243778e-02,-4.448039848755623582e-02,-4.454546161065322391e-02,-4.448231387250019958e-02,-4.429167352133625557e-02,-4.397568992509353486e-02,-4.353789015165205473e-02,-4.298309229980603469e-02,-4.231728911026830936e-02,-4.154750651998479621e-02,-4.068164269709089592e-02,-3.972829366244617910e-02,-3.869657184197214383e-02,-3.759592380037503345e-02,-3.643595300335183973e-02,-3.522625278584506220e-02,-3.397625382940730465e-02,-3.269508944430648406e-02,-3.139148088734480813e-02,-3.007364389657492601e-02,-2.874921665147266159e-02,-2.742520851977096885e-02,-2.610796826173794605e-02,-2.480316984429126528e-02,-2.351581367115143650e-02,-2.225024084934469626e-02,-2.101015806627115970e-02,-1.979867071969440909e-02,-1.861832209795137236e-02,-1.747113662269276710e-02,-1.635866541735462101e-02,-1.528203273081255378e-02,-1.424198201093899649e-02,-1.323892067491501748e-02,-1.227296285385012439e-02,-1.134396959357179303e-02,-1.045158616910180430e-02,-9.595276317148460077e-03,-8.774353310204891648e-03,-7.988007889821509971e-03,-7.235333148143932060e-03,-6.515346498945993881e-03,-5.827008915216732969e-03,-5.169241632802652059e-03,-4.540940531330344559e-03,-3.940988407000047683e-03,-3.368265348881158399e-03,-2.821657422766861868e-03,-2.300063855864777247e-03,-1.802402902748649963e-03,-1.327616558967152725e-03,-8.746742741889922384e-04
-4.134550926830919595e-04,-8.366090587554943789e-04,-1.279607472243055304e-03,-1.743355695983326344e-03,-2.228781576030109887e-03,-2.736832174999073199e-03,-3.268469673971021762e-03,-3.824666321842836239e-03,-4.406398300045793505e-03,-5.014638360031094429e-03,-5.650347081372204122e-03,-6.314462590419594144e-03,-7.007888574002739748e-03,-7.731480420736807149e-03,-8.486029325299628348e-03,-9.272244200065938441e-03,-1.009073125541588671e-02,-1.094197113678362261e-02,-1.182629354516831141e-02,-1.274384932059629758e-02,-1.369458003710927879e-02,-1.467818524532518883e-02,-1.569408760618903539e-02,-1.674139628829151780e-02,-1.781886915122181739e-02,-1.892487440763592974e-02,-2.005735264409723440e-02,-2.121378028012081002e-02,-2.239113574848171362e-02,-2.358586987711814090e-02,-2.479388213030201543e-02,-2.601050450782138590e-02,-2.723049498717456524e-02,-2.844804240547451485e-02,-2.965678459546640042e-02,-3.084984139659221677e-02,-3.201986384477201880e-02,-3.315910039788368124e-02,-3.425948048144755037e-02,-3.531271495539102523e-02,-3.631041233442557081e-02,-3.724420877934409707e-02,-3.810590906179820575e-02,-3.888763494446998564e-02,-3.958197676751238486e-02,-4.018214354302722391e-02,-4.068210657629973276e-02,-4.107673158704839428e-02,-4.136189451189458549e-02,-4.153457662915206738e-02,-4.159293534025389899e-02,-4.153634783443579254e-02,-4.136542590750002385e-02,-4.108200134484013555e-02,-4.068908245081390151e-02,-4.019078344643175343e-02,-3.959222950252462569e-02,-3.889944106921081057e-02,-3.811920185728141786e-02,-3.725891528868222058e-02,-3.632645444281804720e-02,-3.533001048137224959e-02,-3.427794425245010712e-02,-3.317864528661042256e-02,-3.204040174685229142e-02,-3.087128413422362758e-02,-2.967904473595388976e-02,-2.847103398756465481e-02,-2.725413415169221365e-02,-2.603471003224938629e-02,-2.481857586955223821e-02,-2.361097711481350073e-02,-2.241658546462442156e-02,-2.123950534210399324e-02,-2.008328992868138943e-02,-1.895096486182102843e-02,-1.784505779996465105e-02,-1.676763219680816805e-02,-1.572032380420110981e-02,-1.470437862010607992e-02,-1.372069120160642787e-02,-1.276984246228278670e-02,-1.185213626064081024e-02,-1.096763425649569142e-02,-1.011618866233242320e-02,-9.297472645457528773e-03,-8.511008244372259002e-03,-7.756191750316927466e-03,-7.032316574071812050e-03,-6.338593670915583511e-03,-5.674169635346370741e-03,-5.038142603964225648e-03,-4.429576121885353546e-03,-3.847511137117767301e-03,-3.290976290170303294e-03,-2.758996664259841247e-03,-2.250601156067498412e-03,-1.764828619103778196e-03,-1.300732922212446572e-03,-8.573870552400822929e-04
-4.050357683555849274e-04,-8.193017721087926270e-04,-1.252431711181790138e-03,-1.705241068569041639e-03,-2.178560833007674516e-03,-2.673233924571496306e-03,-3.190110829414349175e-03,-3.730044338293860007e-03,-4.293883275581252337e-03,-4.882465098335584362e-03,-5.496607239191703478e-03,-6.137097062902635569e-03,-6.804680305148851950e-03,-7.500047864588828619e-03,-8.223820826146395827e-03,-8.976533606439641641e-03,-9.758615132433680339e-03,-1.057036799335256579e-02,-1.141194554520402749e-02,-1.228332699855802859e-02,-1.318429058499278640e-02,-1.411438497717180593e-02,-1.507289923273300893e-02,-1.605883164332596452e-02,-1.707085799661762701e-02,-1.810729989912933380e-02,-1.916609395813597197e-02,-2.024476277657908524e-02,-2.134038886908036850e-02,-2.244959275066660265e-02,-2.356851657166610450e-02,-2.469281475957137498e-02,-2.581765316741722188e-02,-2.693771820396947958e-02,-2.804723732014961779e-02,-2.914001203731456796e-02,-3.020946441888226405e-02,-3.124869750555452075e-02,-3.225056976132546771e-02,-3.320778302596458925e-02,-3.411298286156679016e-02,-3.495886954582491657e-02,-3.573831733907779223e-02,-3.644449907608410255e-02,-3.707101264786717698e-02,-3.761200558214401746e-02,-3.806229373481870293e-02,-3.841747009249044803e-02,-3.867399986804264528e-02,-3.882929844654998269e-02,-3.888178929259996502e-02,-3.883093963654459663e-02,-3.867727258014774794e-02,-3.842235515810817070e-02,-3.806876281295652753e-02,-3.762002163722111270e-02,-3.708053056043223578e-02,-3.645546636595228124e-02,-3.575067497765407887e-02,-3.497255283289226607e-02,-3.412792234155445636e-02,-3.322390541956321552e-02,-3.226779889010403246e-02,-3.126695518974350468e-02,-3.022867133148514004e-02,-2.916008850097058167e-02,-2.806810403649157015e-02,-2.695929690843158408e-02,-2.583986720541942353e-02,-2.471558958264674991e-02,-2.359178015435286699e-02,-2.247327593083350145e-02,-2.136442561579705510e-02,-2.026909039070420165e-02,-1.919065321151095654e-02,-1.813203511867930370e-02,-1.709571709981950322e-02,-1.608376613145575534e-02,-1.509786414809421301e-02,-1.413933883017625889e-02,-1.320919525655050129e-02,-1.230814762276432640e-02,-1.143665037681630692e-02,-1.059492826404580083e-02,-9.783004899329006757e-03,-9.000729595926015847e-03,-8.247802275569503239e-03,-7.523796363969643616e-03,-6.828179640719472462e-03,-6.160333063910479814e-03,-5.519567629124633862e-03,-4.905139351458720834e-03,-4.316262479449236786e-03,-3.752121062707618367e-03,-3.211879002126266126e-03,-2.694688713904503426e-03,-2.199698537439201580e-03,-1.726059013237314513e-03,-1.272928151196942763e-03,-8.394758024922326133e-04
-3.963523770071005490e-04,-8.014755011026130239e-04,-1.224503017498665544e-03,-1.666166281489782613e-03,-2.127206050766755792e-03,-2.608368704093337685e-03,-3.110401716318584794e-03,-3.634048299224958145e-03,-4.180041112361847049e-03,-4.749094943696706428e-03,-5.341898257097459947e-03,-5.959103502904880383e-03,-6.601316089834252318e-03,-7.269081921946867961e-03,-7.962873414352429624e-03,-8.683073916649476295e-03,-9.429960494979353763e-03,-1.020368505311820134e-02,-1.100425381143349708e-02,-1.183150521090692124e-02,-1.268508636874934870e-02,-1.356442828312021814e-02,-1.446872006741729486e-02,-1.539688258924771722e-02,-1.634754199447574496e-02,-1.731900371063486294e-02,-1.830922764327914259e-02,-1.931580539896521689e-02,-2.033594048346982347e-02,-2.136643252604076421e-02,-2.240366666106332477e-02,-2.344360924753055575e-02,-2.448181111357559947e-02,-2.551341946762164872e-02,-2.653319951003720381e-02,-2.753556660228760958e-02,-2.851462960048406145e-02,-2.946424563741707747e-02,-3.037808624746958161e-02,-3.124971428405339674e-02,-3.207267059727814812e-02,-3.284056894384280306e-02,-3.354719711936370724e-02,-3.418662186575571055e-02,-3.475329474332546770e-02,-3.524215589706636287e-02,-3.564873251260299025e-02,-3.596922876567197613e-02,-3.620060422770558783e-02,-3.634063799729669864e-02,-3.638797627181507288e-02,-3.634216163509750019e-02,-3.620364298829435029e-02,-3.597376575825435990e-02,-3.565474274434073804e-02,-3.524960667215207288e-02,-3.476214617431782478e-02,-3.419682748093232777e-02,-3.355870454756408605e-02,-3.285332065693768316e-02,-3.208660469000723658e-02,-3.126476527145178458e-02,-3.039418586133285638e-02,-2.948132360508339683e-02,-2.853261439146777614e-02,-2.755438613081391194e-02,-2.655278178414288703e-02,-2.553369317806747016e-02,-2.450270615825144577e-02,-2.346505718924481523e-02,-2.242560111853949406e-02,-2.138878949956900255e-02,-2.035865861797187676e-02,-1.933882618823705435e-02,-1.833249557989845291e-02,-1.734246638648968830e-02,-1.637115015712021712e-02,-1.542059015935675834e-02,-1.449248412252962005e-02,-1.358820901266115898e-02,-1.270884700504183035e-02,-1.185521194053684897e-02,-1.102787567095706023e-02,-1.022719381270175733e-02,-9.453330533162388610e-03,-8.706282089029104485e-03,-7.985898918612554034e-03,-7.291906161302462615e-03,-6.623922536635186778e-03,-5.981477563846506612e-03,-5.364027141217662074e-03,-4.770967534101123661e-03,-4.201647842409617951e-03,-3.655381033725019387e-03,-3.131453638129562400e-03,-2.629134206386252691e-03,-2.147680635096998331e-03,-1.686346461730915463e-03,-1.244386229613482194e-03,-8.210600186644721786e-04
-3.874592108904926146e-04,-7.832404585475701833e-04,-1.195990769841636910e-03,-1.626363072855748805e-03,-2.075014403914297867e-03,-2.542602005155554512e-03,-3.029778729861262038e-03,-3.537187678838284426e-03,-4.065455987932886477e-03,-4.615187684719529101e-03,-5.186955531965730185e-03,-5.781291777132692433e-03,-6.398677731509118220e-03,-7.039532110255647748e-03,-7.704198076399237406e-03,-8.392928948465668004e-03,-9.105872553824742241e-03,-9.843054238810605358e-03,-1.060435858310128203e-02,-1.138950991043579698e-02,-1.219805174107982740e-02,-1.302932539381570186e-02,-1.388244801653487626e-02,-1.475629040413440826e-02,-1.564945504908317811e-02,-1.656025496164167943e-02,-1.748669389026885623e-02,-1.842644866417597269e-02,-1.937685446416271759e-02,-2.033489389863204350e-02,-2.129719081197674335e-02,-2.226000977470127956e-02,-2.321926219083806156e-02,-2.417051990097515701e-02,-2.510903705215975293e-02,-2.602978084459542721e-02,-2.692747154764302264e-02,-2.779663190587729552e-02,-2.863164573563596951e-02,-2.942682515381820144e-02,-3.017648549819071380e-02,-3.087502661054744926e-02,-3.151701878206051438e-02,-3.209729132692440423e-02,-3.261102147867703943e-02,-3.305382111417914937e-02,-3.342181872021316585e-02,-3.371173403880235731e-02,-3.392094296498267270e-02,-3.404753052312974732e-02,-3.409033010613305575e-02,-3.404894761011462156e-02,-3.392376961468605845e-02,-3.371595531923645556e-02,-3.342741252102445632e-02,-3.306075848155573538e-02,-3.261926704542338767e-02,-3.210680382474999373e-02,-3.152775162122552211e-02,-3.088692851082841181e-02,-3.018950115467660539e-02,-2.944089592127961674e-02,-2.864671031604508478e-02,-2.781262702498480885e-02,-2.694433260821608306e-02,-2.604744254585971905e-02,-2.512743396704748833e-02,-2.418958700485039984e-02,-2.323893533736115166e-02,-2.228022611633522637e-02,-2.131788916428110220e-02,-2.035601504890370908e-02,-1.939834142615535356e-02,-1.844824688156085704e-02,-1.750875139220134380e-02,-1.658252247428809723e-02,-1.567188606726680963e-02,-1.477884122740254040e-02,-1.390507775395888497e-02,-1.305199594173889373e-02,-1.222072773784784946e-02,-1.141215867190384023e-02,-1.062695002243017883e-02,-9.865560773756720803e-03,-9.128269004409573020e-03,-8.415192427591238616e-03,-7.726307875662974389e-03,-7.061469582919701130e-03,-6.420426174298476604e-03,-5.802836312276785612e-03,-5.208282990661143239e-03,-4.636286492977610002e-03,-4.086316055585273790e-03,-3.557800292305018583e-03,-3.050136449139045566e-03,-2.562698565356483823e-03,-2.094844621576486682e-03,-1.645922757154996219e-03,-1.215276638756049082e-03,-8.022500599631683400e-04
-3.784062409739176003e-04,-7.646979274712191292e-04,-1.167050206227029582e-03,-1.586043170299273469e-03,-2.022256470015252900e-03,-2.476265361478866001e-03,-2.948636116541466720e-03,-3.439920730131624388e-03,-3.950650859361070147e-03,-4.481330928591373448e-03,-5.032430336033171837e-03,-5.604374700890629897e-03,-6.197536096050576364e-03,-6.812222220396508057e-03,-7.448664477598013894e-03,-8.107004945315555988e-03,-8.787282240810245434e-03,-9.489416316580566099e-03,-1.021319225342403811e-02,-1.095824315868747234e-02,-1.172403232468799579e-02,-1.250983485635897077e-02,-1.331471903774686036e-02,-1.413752777325007551e-02,-1.497686051008686667e-02,-1.583105612139414087e-02,-1.669817730185234675e-02,-1.757599709628917747e-02,-1.846198824205221023e-02,-1.935331605307191380e-02,-2.024683560192809192e-02,-2.113909396005266006e-02,-2.202633822967300925e-02,-2.290453003895443276e-02,-2.376936706981085459e-02,-2.461631204341954357e-02,-2.544062940120095720e-02,-2.623742969123017341e-02,-2.700172140714069205e-02,-2.772846973722133818e-02,-2.841266137737875896e-02,-2.904937425742833146e-02,-2.963385074222510754e-02,-3.016157261481942561e-02,-3.062833594517939267e-02,-3.103032381049525973e-02,-3.136417477418184524e-02,-3.162704505890229223e-02,-3.181666246785685992e-02,-3.193137031648398544e-02,-3.197015992648010591e-02,-3.193269059348049360e-02,-3.181929635233982784e-02,-3.163097930986928652e-02,-3.136938977220266739e-02,-3.103679384003916672e-02,-3.063602955790750357e-02,-3.017045306345206290e-02,-2.964387647300754589e-02,-2.906049944818703268e-02,-2.842483650769387152e-02,-2.774164217731392434e-02,-2.701583601262944057e-02,-2.625242939187439131e-02,-2.545645577302337384e-02,-2.463290585509766289e-02,-2.378666879584515059e-02,-2.292248033377968300e-02,-2.204487835850182931e-02,-2.115816618376811092e-02,-2.026638351473125654e-02,-1.937328487281088363e-02,-1.848232505419493063e-02,-1.759665105334935059e-02,-1.671909978073955749e-02,-1.585220084164778651e-02,-1.499818361628460321e-02,-1.415898788507432074e-02,-1.333627727126774840e-02,-1.253145482006963116e-02,-1.174568009372764857e-02,-1.097988723052781279e-02,-1.023480348809092597e-02,-9.510967864250298442e-03,-8.808749459369664969e-03,-8.128365310217808282e-03,-7.469897486088818150e-03,-6.833309291935535726e-03,-6.218460470513502598e-03,-5.625121335912852509e-03,-5.052985804648265841e-03,-4.501683318127205381e-03,-3.970789672384647702e-03,-3.459836788080057797e-03,-2.968321466540352251e-03,-2.495713186730118011e-03,-2.041461004032849198e-03,-1.604999615182332341e-03,-1.185754655083857186e-03,-7.831472910441790881e-04
-3.692392199146619946e-04,-7.459404922183782019e-04,-1.137822838618443490e-03,-1.545398955173051892e-03,-1.969177221769115999e-03,-2.409657761138470338e-03,-2.867327913750807901e-03,-3.342657075829022061e-03,-3.836090847635132556e-03,-4.348044440335787492e-03,-4.878895292501191951e-03,-5.428974851988785551e-03,-5.998559486022171823e-03,-6.587860492140741424e-03,-7.197013195835355245e-03,-7.826065137579638759e-03,-8.474963373082997076e-03,-9.143540936358100779e-03,-9.831502545962593487e-03,-1.053840967076863366e-02,-1.126366511288182277e-02,-1.200649731167791751e-02,-1.276594462384401073e-02,-1.354083988890827754e-02,-1.432979564667215787e-02,-1.513119043035859347e-02,-1.594315661474039400e-02,-1.676357034902473467e-02,-1.759004414631324190e-02,-1.841992273104322425e-02,-1.925028275864235083e-02,-2.007793701329797439e-02,-2.089944365604617590e-02,-2.171112103266279250e-02,-2.250906845637383469e-02,-2.328919325284945982e-02,-2.404724419473031408e-02,-2.477885126259642481e-02,-2.547957145370144394e-02,-2.614494012622991387e-02,-2.677052712481709992e-02,-2.735199669401227468e-02,-2.788516996298062711e-02,-2.836608859026296461e-02,-2.879107800469304229e-02,-2.915680857909891052e-02,-2.946035303638380731e-02,-2.969923841908864506e-02,-2.987149105597388526e-02,-2.997567313087284163e-02,-3.001090969432908262e-02,-2.997690524778115137e-02,-2.987394936045163069e-02,-2.970291113526309784e-02,-2.946522270508033711e-02,-2.916285229686240918e-02,-2.879826773192999817e-02,-2.837439152012398783e-02,-2.789454894127980575e-02,-2.736241067958495796e-02,-2.678193167926348067e-02,-2.615728792196371152e-02,-2.549281278958302407e-02,-2.479293457712289719e-02,-2.406211656771436655e-02,-2.330480088767147157e-02,-2.252535713616587304e-02,-2.172803654511043514e-02,-2.091693218281485273e-02,-2.009594548135492167e-02,-1.926875915191469599e-02,-1.843881636189949325e-02,-1.760930588726291116e-02,-1.678315282579021656e-02,-1.596301436246809480e-02,-1.515128001520621090e-02,-1.435007575534869191e-02,-1.356127138896454434e-02,-1.278649059762997087e-02,-1.202712306691448851e-02,-1.128433817275467134e-02,-1.055909974635440597e-02,-9.852181493657755085e-03,-9.164182702809038281e-03,-8.495543929923769430e-03,-7.846562408079672118e-03,-7.217406975350666547e-03,-6.608132364054900877e-03,-6.018692734661678680e-03,-5.448954373805228735e-03,-4.898707506631932128e-03,-4.367677199487498066e-03,-3.855533350081230895e-03,-3.361899779173210551e-03,-2.886362450984487557e-03,-2.428476859409305164e-03,-1.987774624180847511e-03,-1.563769345851989852e-03,-1.155961771208958294e-03,-7.638443219072383467e-04
-3.599998180900583229e-04,-7.270523355063997391e-04,-1.108436965562417968e-03,-1.504604255020288838e-03,-1.915997174401113789e-03,-2.343047235942191144e-03,-2.786170081301819149e-03,-3.245760496353134253e-03,-3.722186811380448230e-03,-4.215784647192953941e-03,-4.726849971379331987e-03,-5.255631434450332672e-03,-5.802321963288157615e-03,-6.367049599493770223e-03,-6.949867583256668854e-03,-7.550743699620327334e-03,-8.169548923807804994e-03,-8.806045425880825589e-03,-9.459874022621956452e-03,-1.013054119622039742e-02,-1.081740583500650187e-02,-1.151966589080106844e-02,-1.223634518983664730e-02,-1.296628067876360625e-02,-1.370811043270142235e-02,-1.446026279696168218e-02,-1.522094707586021597e-02,-1.598814621844676584e-02,-1.675961197913700823e-02,-1.753286304797331552e-02,-1.830518664725268654e-02,-1.907364407525593067e-02,-1.983508064076441521e-02,-2.058614037146444531e-02,-2.132328579355154130e-02,-2.204282296833033963e-02,-2.274093183524867820e-02,-2.341370175213170965e-02,-2.405717194668421585e-02,-2.466737640466633297e-02,-2.524039252720250773e-02,-2.577239270145641539e-02,-2.625969775525326122e-02,-2.669883111727884561e-02,-2.708657238994102365e-02,-2.742000897042548915e-02,-2.769658433368612366e-02,-2.791414162345508265e-02,-2.807096128538135935e-02,-2.816579161857532890e-02,-2.819787131351862014e-02,-2.816694327795908961e-02,-2.807325931801712277e-02,-2.791757552732944403e-02,-2.770113852948930325e-02,-2.742566300473235977e-02,-2.709330119759825739e-02,-2.670660533620367386e-02,-2.626848408574369506e-02,-2.578215430133997885e-02,-2.525108943372315201e-02,-2.467896597391961572e-02,-2.406960930163366472e-02,-2.342694023073508755e-02,-2.275492343094249678e-02,-2.205751875600976339e-02,-2.133863633518511688e-02,-2.060209609654522350e-02,-1.985159219787295537e-02,-1.909066265205479340e-02,-1.832266425721323228e-02,-1.755075278302900554e-02,-1.677786822824618718e-02,-1.600672485272265633e-02,-1.523980560148360634e-02,-1.447936047753468902e-02,-1.372740838303482952e-02,-1.298574193232490334e-02,-1.225593474223170623e-02,-1.153935072173138850e-02,-1.083715491114827824e-02,-1.015032545742311151e-02,-9.479666353733914863e-03,-8.825820616387265727e-03,-8.189283617322818190e-03,-7.570416335114794372e-03,-6.969458329737200641e-03,-6.386540285677800438e-03,-5.821696003652176987e-03,-5.274873752865144594e-03,-4.745946923390765779e-03,-4.234723941860417916e-03,-3.740957433450241894e-03,-3.264352629419240565e-03,-2.804575032494217943e-03,-2.361257362581474679e-03,-1.934005812968054780e-03,-1.522405652709499409e-03,-1.126026214619712867e-03,-7.444253104892262912e-04
-3.507257855877103626e-04,-7.081095868141601499e-04,-1.079008259875641196e-03,-1.463815232062592704e-03,-1.862913645928614310e-03,-2.276672574774620678e-03,-2.705442760248033107e-03,-3.149551838272773678e-03,-3.609299021300331131e-03,-4.084949207817392680e-03,-4.576726494394241403e-03,-5.084807071562323123e-03,-5.609311492735365168e-03,-6.150296315509231997e-03,-6.707745127260736004e-03,-7.281558982266536813e-03,-7.871546295795693593e-03,-8.477412261950648814e-03,-9.098747886513148392e-03,-9.735018753648775128e-03,-1.038555367583984465e-02,-1.104953340946570120e-02,-1.172597965342019044e-02,-1.241374458417483957e-02,-1.311150121659925526e-02,-1.381773491416549496e-02,-1.453073640310778916e-02,-1.524859667060968552e-02,-1.596920414483005493e-02,-1.669024456207553880e-02,-1.740920392114802401e-02,-1.812337490440998899e-02,-1.882986710727065777e-02,-1.952562136094686263e-02,-2.020742835655455968e-02,-2.087195168183189620e-02,-2.151575526619891460e-02,-2.213533509780406597e-02,-2.272715493140897020e-02,-2.328768555344170460e-02,-2.381344701649594151e-02,-2.430105310707519201e-02,-2.474725717514062243e-02,-2.514899833978397406e-02,-2.550344699947515795e-02,-2.580804852425566329e-02,-2.606056399595806441e-02,-2.625910689416083646e-02,-2.640217470109076925e-02,-2.648867451666662293e-02,-2.651794193158021548e-02,-2.648975259576928296e-02,-2.640432613398395120e-02,-2.626232229005869695e-02,-2.606482941672733089e-02,-2.581334565779805010e-02,-2.550975338398714376e-02,-2.515628763335759494e-02,-2.475549946424351888e-02,-2.431021524678272233e-02,-2.382349299495480424e-02,-2.329857687291994953e-02,-2.273885099841465793e-02,-2.214779361510592348e-02,-2.152893262012107317e-02,-2.088580331887991692e-02,-2.022190914421844593e-02,-1.954068592837675256e-02,-1.884547016239335182e-02,-1.813947152491546255e-02,-1.742574981759625191e-02,-1.670719631213338219e-02,-1.598651939832981816e-02,-1.526623432571536619e-02,-1.454865675437724652e-02,-1.383589977370643792e-02,-1.312987400983727480e-02,-1.243229042198855730e-02,-1.174466538255955310e-02,-1.106832764326345052e-02,-1.040442680726249777e-02,-9.753942952721469245e-03,-9.117697084101532290e-03,-8.496362121800986322e-03,-7.890474176629282133e-03,-7.300443891603130078e-03,-6.726567668513760978e-03,-6.169038629758243769e-03,-5.627957196442348771e-03,-5.103341191361493445e-03,-4.595135399952414261e-03,-4.103220543635694925e-03,-3.627421638209377304e-03,-3.167515725263293086e-03,-2.723238977177829326e-03,-2.294293186400851118e-03,-1.880351657631619457e-03,-1.481064527553652707e-03,-1.096063541115710168e-03,-7.249663163132947412e-04
-3.414511338150145645e-04,-6.891807090936333778e-04,-1.049640411045005446e-03,-1.423171339409020622e-03,-1.810102093477905603e-03,-2.210745115087685113e-03,-2.625392603874760790e-03,-3.054311978726030434e-03,-3.497740861702906996e-03,-3.955881564163482925e-03,-4.428895059534660589e-03,-4.916894433399816682e-03,-5.419937809475621621e-03,-5.938020759859974872e-03,-6.471068219835974904e-03,-7.018925941683777474e-03,-7.581351538511900065e-03,-8.158005188141064651e-03,-8.748440088543984333e-03,-9.352092780143783993e-03,-9.968273476148327081e-03,-1.059615656963291963e-02,-1.123477151467707109e-02,-1.188299430769948310e-02,-1.253953982317946789e-02,-1.320295528392953499e-02,-1.387161516849473933e-02,-1.454371787540078079e-02,-1.521728447400349724e-02,-1.589015987267426017e-02,-1.656001672507177030e-02,-1.722436237252214855e-02,-1.788054908355905456e-02,-1.852578779940839207e-02,-1.915716552618600479e-02,-1.977166643111910593e-02,-2.036619660239893589e-02,-2.093761232249613177e-02,-2.148275158610126953e-02,-2.199846847043479894e-02,-2.248166984248810285e-02,-2.292935377042951139e-02,-2.333864890090567648e-02,-2.370685397626538446e-02,-2.403147660142749414e-02,-2.431027033403461435e-02,-2.454126916736714195e-02,-2.472281850547302859e-02,-2.485360179464998764e-02,-2.493266207354832148e-02,-2.495941783268743400e-02,-2.493367272835543200e-02,-2.485561886949785512e-02,-2.472583358199346992e-02,-2.454526974465697994e-02,-2.431523997715418980e-02,-2.403739513375559994e-02,-2.371369771117795219e-02,-2.334639090746945880e-02,-2.293796416722999540e-02,-2.249111611335424463e-02,-2.200871579568116840e-02,-2.149376318296983279e-02,-2.094934978872508430e-02,-2.037862025724806667e-02,-1.978473564870897317e-02,-1.917083905662872803e-02,-1.854002407388801246e-02,-1.789530650022800110e-02,-1.723959956078956884e-02,-1.657569278654542899e-02,-1.590623459766125555e-02,-1.523371853306186574e-02,-1.456047298595425539e-02,-1.388865423697107498e-02,-1.322024252425677525e-02,-1.255704085277558474e-02,-1.190067622232228624e-02,-1.125260294366849274e-02,-1.061410771320107742e-02,-9.986316126389229234e-03,-9.370200327519563957e-03,-8.766587515513336176e-03,-8.176169051587108341e-03,-7.599509942539447484e-03,-7.037058502267661171e-03,-6.489156022700032223e-03,-5.956046312856675892e-03,-5.437884990623091837e-03,-4.934748435619125059e-03,-4.446642333018205676e-03,-3.973509757197049054e-03,-3.515238760660890568e-03,-3.071669447862503122e-03,-2.642600525443077660e-03,-2.227795330238668305e-03,-1.826987344311351317e-03,-1.439885212485356690e-03,-1.066177282603154169e-03,-7.055356921672327909e-04
-3.322063311407296208e-04,-6.703269123820439993e-04,-1.020425804605843258e-03,-1.382796320509812205e-03,-1.757717494085761023e-03,-2.145450573659160240e-03,-2.546235134620516549e-03,-2.960284792406221027e-03,-3.387782499029067841e-03,-3.828875410202436502e-03,-4.283669315002140189e-03,-4.752222626225605616e-03,-5.234539937297901478e-03,-5.730565160888687753e-03,-6.240174275476778783e-03,-6.763167719034544195e-03,-7.299262483865567343e-03,-7.848083983420538201e-03,-8.409157780567149548e-03,-8.981901287133263814e-03,-9.565615566296814531e-03,-1.015947739214352434e-02,-1.076253174388404690e-02,-1.137368493507816963e-02,-1.199169859984298980e-02,-1.261518477733903666e-02,-1.324260235158718386e-02,-1.387225511449129665e-02,-1.450229172435959363e-02,-1.513070782873854846e-02,-1.575535060755889685e-02,-1.637392596915938567e-02,-1.698400859668134505e-02,-1.758305499498216684e-02,-1.816841962846933722e-02,-1.873737416859341462e-02,-1.928712978734380135e-02,-1.981486234190323395e-02,-2.031774019833380504e-02,-2.079295434219828251e-02,-2.123775032537875140e-02,-2.164946150548868742e-02,-2.202554295184625671e-02,-2.236360532459591433e-02,-2.266144798550076556e-02,-2.291709057381313697e-02,-2.312880228119049142e-02,-2.329512808744517438e-02,-2.341491127428242322e-02,-2.348731161598452757e-02,-2.351181875174739033e-02,-2.348826037028547628e-02,-2.341680497850106429e-02,-2.329795917672181430e-02,-2.313255951697009913e-02,-2.292175917147740161e-02,-2.266700977991804866e-02,-2.237003896986134929e-02,-2.203282415083186382e-02,-2.165756326433217194e-02,-2.124664322771961655e-02,-2.080260683782189299e-02,-2.032811890090115495e-02,-1.982593233061187565e-02,-1.929885490766425696e-02,-1.874971732763167434e-02,-1.818134308099435270e-02,-1.759652061670163858e-02,-1.699797814192451767e-02,-1.638836131070936161e-02,-1.577021395694910150e-02,-1.514596193587212057e-02,-1.451790005581358491e-02,-1.388818201032061828e-02,-1.325881316084011850e-02,-1.263164597283411919e-02,-1.200837787303568778e-02,-1.139055127206696841e-02,-1.077955548377250959e-02,-1.017663026909225964e-02,-9.582870736672280745e-03,-8.999233343194646892e-03,-8.426542752133968361e-03,-7.865499328937739648e-03,-7.316687072235104720e-03,-6.780581803517650788e-03,-6.257559460893830257e-03,-5.747904365257600068e-03,-5.251817348960775844e-03,-4.769423657419663912e-03,-4.300780552737206407e-03,-3.845884565215220048e-03,-3.404678353495707056e-03,-2.977057147010071618e-03,-2.562874755492782191e-03,-2.161949139636171798e-03,-1.774067544658801399e-03,-1.398991204781453550e-03,-1.036459631510780943e-03,-6.861945023802044907e-04
-3.230185077106079335e-04,-6.516025844235993989e-04,-9.914462232495948029e-04,-1.342799230988243929e-03,-1.705895743337312951e-03,-2.080950884159015347e-03,-2.468157088808386329e-03,-2.867680077716145207e-03,-3.279654469399467115e-03,-3.704179025959691146e-03,-4.141311529039070315e-03,-4.591063290271823333e-03,-5.053393307595134901e-03,-5.528202087488526262e-03,-6.015325163370310521e-03,-6.514526352052751185e-03,-7.025490803356940553e-03,-7.547817912673889656e-03,-8.081014182320923195e-03,-8.624486134790245589e-03,-9.177533399129139333e-03,-9.739342110326688548e-03,-1.030897878018478819e-02,-1.088538481606538336e-02,-1.146737188034263437e-02,-1.205361829743283389e-02,-1.264266672590023260e-02,-1.323292331923348226e-02,-1.382265859930164979e-02,-1.441001026008674468e-02,-1.499298810498403585e-02,-1.556948129784947212e-02,-1.613726807538353250e-02,-1.669402802603218994e-02,-1.723735698843558567e-02,-1.776478456113463056e-02,-1.827379414587704254e-02,-1.876184537114889903e-02,-1.922639866277010140e-02,-1.966494164733135000e-02,-2.007501699514738225e-02,-2.045425123578340290e-02,-2.080038401472679432e-02,-2.111129720799005335e-02,-2.138504327560631149e-02,-2.161987221785635627e-02,-2.181425650166018623e-02,-2.196691334999700471e-02,-2.207682383458960118e-02,-2.214324828043227888e-02,-2.216573757801795427e-02,-2.214414010230097637e-02,-2.207860405263903716e-02,-2.196957515066024283e-02,-2.181778975826056260e-02,-2.162426360067232559e-02,-2.139027639481478130e-02,-2.111735278640911387e-02,-2.080724008672914932e-02,-2.046188336833007146e-02,-2.008339852660611866e-02,-1.967404393959763104e-02,-1.923619136219597778e-02,-1.877229667389641865e-02,-1.828487106353373845e-02,-1.777645318274091377e-02,-1.724958273545821805e-02,-1.670677589725371934e-02,-1.615050287914495883e-02,-1.558316786956368168e-02,-1.500709150831437168e-02,-1.442449597064418380e-02,-1.383749267014434438e-02,-1.324807252784522375e-02,-1.265809870267396720e-02,-1.206930163598824227e-02,-1.148327623026179981e-02,-1.090148095883820660e-02,-1.032523868931815338e-02,-9.755738996691461912e-03,-9.194041742700736000e-03,-8.641081703986086548e-03,-8.097674042156123228e-03,-7.564520422949488725e-03,-7.042215608067348316e-03,-6.531254361154958596e-03,-6.032038528000583343e-03,-5.544884169646182442e-03,-5.070028645240608201e-03,-4.607637558710034331e-03,-4.157811499381436349e-03,-3.720592521380586271e-03,-3.295970319827077211e-03,-2.883888073524548245e-03,-2.484247934008154864e-03,-2.096916149518294331e-03,-1.721727819804529536e-03,-1.358491283731599495e-03,-1.006992146577340066e-03,-6.669969578027566985e-04
-3.139116652711193859e-04,-6.330557298554786690e-04,-9.627735567404449709e-04,-1.303275465334134079e-03,-1.654755049710635072e-03,-2.017386014902148011e-03,-2.391318718374499993e-03,-2.776676407613334202e-03,-3.173551147845874582e-03,-3.581999437827592531e-03,-4.002037516429588285e-03,-4.433636368562651232e-03,-4.876716445850940058e-03,-5.331142125490908983e-03,-5.796715939947034296e-03,-6.273172620562863719e-03,-6.760173009782734915e-03,-7.257297909415563915e-03,-7.764041946096371556e-03,-8.279807549611165746e-03,-8.803899154761936352e-03,-9.335517752584931647e-03,-9.873755931523323440e-03,-1.041759356301995461e-02,-1.096589429826339522e-02,-1.151740305272671260e-02,-1.207074466184518413e-02,-1.262442389379974002e-02,-1.317682700300722674e-02,-1.372622499969797585e-02,-1.427077879610288286e-02,-1.480854636764093214e-02,-1.533749203767214610e-02,-1.585549795671962331e-02,-1.636037780177013179e-02,-1.684989266893446164e-02,-1.732176907441711211e-02,-1.777371891588651678e-02,-1.820346118086020593e-02,-1.860874512291855673e-02,-1.898737456303849908e-02,-1.933723291489500978e-02,-1.965630848247433907e-02,-1.994271953854296481e-02,-2.019473866592034692e-02,-2.041081583218252310e-02,-2.058959967386643150e-02,-2.072995648923554521e-02,-2.083098647919619240e-02,-2.089203683317688090e-02,-2.091271132903078228e-02,-2.089287620086140509e-02,-2.083266212301659523e-02,-2.073246225875993720e-02,-2.059292642440977913e-02,-2.041495152002575225e-02,-2.019966847211790428e-02,-1.994842601876504334e-02,-1.966277173986578572e-02,-1.934443079257074441e-02,-1.899528285258262825e-02,-1.861733778511355172e-02,-1.821271057484100814e-02,-1.778359603298489827e-02,-1.733224377312354153e-02,-1.686093390764443339e-02,-1.637195386628420915e-02,-1.586757667981543787e-02,-1.535004100844611016e-02,-1.482153312871265123e-02,-1.428417102717218119e-02,-1.373999068633144187e-02,-1.319093458989827224e-02,-1.263884242208567280e-02,-1.208544389037121553e-02,-1.153235356341651349e-02,-1.098106758598703901e-02,-1.043296211054252007e-02,-9.889293270272162678e-03,-9.351198510092565211e-03,-8.819699089727449717e-03,-8.295703575579151806e-03,-7.780012144782275790e-03,-7.273321534713456799e-03,-6.776230483479587369e-03,-6.289245520755783712e-03,-5.812786983119854096e-03,-5.347195143156936725e-03,-4.892736356612181585e-03,-4.449609146374728513e-03,-4.017950155797869564e-03,-3.597839916595357151e-03,-3.189308388171042691e-03,-2.792340235667519280e-03,-2.406879823237675735e-03,-2.032835907068775323e-03,-1.670086019569076707e-03,-1.318480541930902626e-03,-9.778464670944580443e-04,-6.479908590450756149e-04
-3.049068884804335099e-04,-6.147284108545573392e-04,-9.344705098653159452e-04,-1.264307774002435816e-03,-1.604397306588233561e-03,-1.954875745399274438e-03,-2.315856025264158638e-03,-2.687423878495141197e-03,-3.069634071130100846e-03,-3.462506376791421592e-03,-3.866021294581510961e-03,-4.280115522896911669e-03,-4.704677207410025777e-03,-5.139540988779649905e-03,-5.584482883927838030e-03,-6.039215043951572971e-03,-6.503380441878172519e-03,-6.976547554433841329e-03,-7.458205113633681327e-03,-7.947757016116576562e-03,-8.444517490469686041e-03,-8.947706634971425849e-03,-9.456446449808357524e-03,-9.969757498393119408e-03,-1.048655634135766714e-02,-1.100565389348596296e-02,-1.152575485760348913e-02,-1.204545838955432477e-02,-1.256326014417311933e-02,-1.307755584294605262e-02,-1.358664648928608297e-02,-1.408874533659327036e-02,-1.458198668728691999e-02,-1.506443656777471142e-02,-1.553410528513759180e-02,-1.598896182674737487e-02,-1.642695001502429003e-02,-1.684600627735446249e-02,-1.724407883741775269e-02,-1.761914808070342772e-02,-1.796924779591196203e-02,-1.829248694748257867e-02,-1.858707159489569535e-02,-1.885132654382551051e-02,-1.908371629458025312e-02,-1.928286484613299726e-02,-1.944757392051506620e-02,-1.957683919295871711e-02,-1.966986414785646883e-02,-1.972607122862103657e-02,-1.974511000951231776e-02,-1.972686218748578163e-02,-1.967144326964500103e-02,-1.957920091409960997e-02,-1.945070996584633352e-02,-1.928676431152978252e-02,-1.908836575450775092e-02,-1.885671018169053637e-02,-1.859317135367743318e-02,-1.829928269781177369e-02,-1.797671751854470687e-02,-1.762726806020336115e-02,-1.725282386381730981e-02,-1.685534985260693161e-02,-1.643686456117587902e-02,-1.599941889294189540e-02,-1.554507575080420895e-02,-1.507589083962859559e-02,-1.459389488808103021e-02,-1.410107748388460779e-02,-1.359937266281015418e-02,-1.309064633951907697e-02,-1.257668561935418317e-02,-1.205918998559234873e-02,-1.153976431746145913e-02,-1.101991366097376801e-02,-1.050103964761297040e-02,-9.984438435126261405e-03,-9.471300029872531737e-03,-8.962708840934542273e-03,-8.459645311951296404e-03,-7.962988476714307623e-03,-7.473519288301505581e-03,-6.991924578192070666e-03,-6.518801510735116808e-03,-6.054662408902245982e-03,-5.599939838868584797e-03,-5.154991853141610569e-03,-4.720107304271235239e-03,-4.295511153284588268e-03,-3.881369708624465061e-03,-3.477795742329082857e-03,-3.084853440330645458e-03,-2.702563152981713509e-03,-2.330905920196005201e-03,-1.969827752904459647e-03,-1.619243658896941593e-03,-1.279041406585037198e-03,-9.490850248376386843e-04,-6.292180408742500215e-04
-2.960225547780821493e-04,-5.966571833680052450e-04,-9.065912995885835358e-04,-1.225967259215553001e-03,-1.554909427545931103e-03,-1.893521384944892158e-03,-2.241882909841421551e-03,-2.600046737249830583e-03,-2.968035093961310898e-03,-3.345836015237027821e-03,-3.733399452194252188e-03,-4.130633184154786780e-03,-4.537398556054446190e-03,-4.953506067611961050e-03,-5.378710848323144458e-03,-5.812708060452986998e-03,-6.255128280983728896e-03,-6.705532922841469200e-03,-7.163409765523392862e-03,-7.628168675287557918e-03,-8.099137605097422865e-03,-8.575558974225504574e-03,-9.056586536446699712e-03,-9.541282853666333691e-03,-1.002861749815319413e-02,-1.051746611076408329e-02,-1.100661044410683811e-02,-1.149473951793973832e-02,-1.198045200871164853e-02,-1.246225998552366078e-02,-1.293859409053787525e-02,-1.340781024269275222e-02,-1.386819791938760475e-02,-1.431799004164845644e-02,-1.475537445448924997e-02,-1.517850695629428467e-02,-1.558552578989220311e-02,-1.597456746465450786e-02,-1.634378373476224125e-02,-1.669135951528103248e-02,-1.701553147655813364e-02,-1.731460702047858333e-02,-1.758698331106110790e-02,-1.783116600841029575e-02,-1.804578734064753165e-02,-1.822962314430598765e-02,-1.838160851060724466e-02,-1.850085169340771191e-02,-1.858664596429191601e-02,-1.863847914066844511e-02,-1.865604056266645036e-02,-1.863922535255102889e-02,-1.858813585429966789e-02,-1.850308021863582980e-02,-1.838456816773980859e-02,-1.823330404152722836e-02,-1.805017729134095195e-02,-1.783625064486816722e-02,-1.759274621609337869e-02,-1.732102987454253729e-02,-1.702259421783364896e-02,-1.669904050999365674e-02,-1.635205995500669737e-02,-1.598341467099142696e-02,-1.559491871607474045e-02,-1.518841949362126180e-02,-1.476577983346827848e-02,-1.432886100887631464e-02,-1.387950690780576264e-02,-1.341952953364338244e-02,-1.295069596632067964e-02,-1.247471687142791275e-02,-1.199323660376382453e-02,-1.150782491385886688e-02,-1.101997023219265619e-02,-1.053107447665376471e-02,-1.004244930456863957e-02,-9.555313711434604979e-03,-9.070792864211005974e-03,-8.589918047373757901e-03,-8.113627594520994926e-03,-7.642768676646163883e-03,-7.178099819735027538e-03,-6.720294028541198839e-03,-6.269942399704239028e-03,-5.827558115275370022e-03,-5.393580716730748785e-03,-4.968380569255306627e-03,-4.552263436103227284e-03,-4.145475092875580518e-03,-3.748205921351320438e-03,-3.360595431869932252e-03,-2.982736672048113494e-03,-2.614680487719434152e-03,-2.256439609353926533e-03,-1.907992543815367585e-03,-1.569287257145221721e-03,-1.240244639142056710e-03,-9.207617448676085406e-04,-6.107148119005273261e-04
